X	Y	Z
 0	 448	 538
 5	-121	 812
 321	-100	 296
-279	-96	 561
-70	-165	-486
 54	 368	 241
 86	-54	 634
 0	-3	 234
 219	-278	 225
 454	 31	 529
 4	-412	 810
 181	-75	-360
 0	 448	 525
 3	-116	 820
 332	-103	 326
-294	-101	 555
-67	-168	-508
 58	 361	 257
 82	-60	 634
 0	-13	 223
 218	-278	 224
 452	 38	 525
 5	-411	 803
 188	-73	-373
 1	 453	 533
 1	-114	 811
 325	-100	 317
-291	-99	 546
-66	-175	-498
 52	 376	 230
 84	-63	 643
 12	-12	 229
 217	-263	 219
 449	 36	 511
-3	-420	 815
 189	-74	-347
 4	 460	 544
-2	-115	 811
 320	-103	 299
-288	-97	 573
-76	-166	-498
 54	 375	 223
 82	-58	 632
-1	-1	 209
 211	-270	 226
 457	 34	 521
 8	-414	 806
 190	-63	-352
 9	 452	 553
-6	-114	 817
 318	-93	 308
-294	-103	 581
-72	-166	-489
 59	 363	 233
 78	-57	 656
 7	-14	 226
 221	-279	 216
 448	 41	 519
 2	-414	 810
 184	-69	-348
 6	 459	 544
 6	-120	 831
 322	-89	 297
-288	-101	 562
-69	-174	-497
 40	 368	 253
 77	-63	 641
 2	-8	 236
 218	-266	 230
 450	 32	 500
 6	-411	 811
 195	-71	-348
-11	 452	 526
-8	-109	 799
 329	-101	 313
-298	-98	 555
-63	-153	-497
 52	 369	 237
 87	-60	 635
-3	-11	 231
 214	-270	 219
 454	 39	 514
 9	-412	 827
 189	-72	-349
 4	 456	 533
 0	-122	 820
 328	-98	 324
-285	-99	 567
-62	-167	-508
 54	 364	 249
 88	-63	 643
-3	 3	 216
 205	-271	 230
 451	 27	 492
 1	-407	 816
 190	-72	-366
 18	 459	 533
 6	-115	 798
 323	-98	 314
-283	-95	 555
-52	-169	-485
 59	 360	 253
 91	-58	 645
 2	-22	 234
 215	-270	 232
 444	 37	 517
 12	-409	 818
 196	-71	-365
-7	 453	 527
-7	-121	 806
 324	-97	 310
-293	-98	 553
-66	-160	-505
 55	 367	 253
 79	-47	 638
 7	-28	 232
 222	-273	 221
 444	 37	 522
 8	-417	 799
 190	-74	-358
 0	 448	 537
 0	-116	 819
 322	-96	 312
-297	-106	 540
-72	-160	-494
 51	 369	 232
 86	-59	 647
 0	-9	 227
 217	-275	 224
 452	 35	 536
-2	-407	 820
 196	-65	-361
-3	 454	 540
 10	-116	 817
 324	-96	 297
-285	-93	 570
-65	-169	-485
 46	 373	 244
 87	-55	 634
-8	-12	 235
 206	-274	 239
 450	 34	 531
 0	-418	 816
 190	-71	-354
-2	 459	 554
-8	-113	 807
 329	-101	 296
-290	-99	 563
-66	-165	-503
 52	 362	 262
 96	-57	 630
 4	-9	 225
 211	-269	 216
 446	 31	 524
-2	-403	 821
 200	-76	-361
-2	 453	 521
 2	-122	 808
 321	-95	 303
-286	-94	 545
-63	-170	-510
 55	 361	 237
 91	-61	 635
 3	-17	 240
 209	-281	 222
 448	 34	 498
-2	-403	 825
 170	-59	-359
-6	 445	 542
 1	-121	 819
 309	-104	 308
-289	-93	 556
-68	-164	-495
 62	 362	 249
 90	-62	 640
 2	-6	 233
 218	-269	 207
 455	 43	 510
 5	-412	 825
 197	-64	-354
 1	 453	 528
 4	-119	 810
 330	-95	 288
-285	-109	 553
-82	-162	-499
 53	 372	 251
 95	-57	 635
 5	-2	 253
 212	-263	 216
 457	 37	 512
 8	-412	 812
 192	-74	-346
-4	 450	 533
 1	-124	 812
 325	-103	 307
-293	-107	 539
-69	-161	-497
 45	 366	 239
 92	-58	 636
 8	 0	 230
 216	-264	 197
 452	 30	 520
-8	-419	 814
 194	-70	-360
 0	 459	 538
 5	-117	 803
 321	-99	 318
-291	-107	 552
-68	-174	-516
 49	 361	 254
 78	-59	 652
-5	-8	 216
 210	-281	 222
 448	 39	 535
 5	-422	 797
 194	-62	-358
 0	 454	 545
-8	-119	 815
 324	-96	 298
-285	-96	 554
-71	-186	-485
 47	 355	 228
 89	-58	 660
 13	-7	 235
 222	-269	 215
 443	 40	 523
-3	-412	 809
 191	-64	-353
 1	 451	 522
-6	-121	 807
 328	-98	 309
-282	-102	 566
-61	-162	-492
 48	 364	 226
 90	-51	 639
 0	-8	 215
 211	-273	 205
 456	 29	 526
 2	-412	 805
 193	-69	-374
 0	 450	 529
 0	-118	 810
 324	-101	 295
-291	-98	 549
-71	-164	-485
 42	 367	 238
 91	-61	 646
-9	-6	 228
 215	-270	 231
 450	 37	 527
 0	-410	 824
 189	-69	-363
-2	 454	 542
 2	-124	 808
 332	-101	 301
-290	-94	 549
-68	-173	-500
 49	 371	 234
 91	-52	 652
 9	-7	 229
 216	-271	 214
 455	 25	 521
 4	-417	 814
 191	-71	-349
-2	 458	 519
-4	-118	 803
 324	-97	 319
-291	-99	 549
-70	-173	-497
 53	 369	 245
 99	-55	 644
 6	-17	 231
 208	-269	 217
 444	 38	 521
-4	-417	 808
 188	-69	-353
 6	 463	 549
-7	-118	 820
 328	-104	 299
-285	-94	 546
-60	-175	-489
 49	 368	 248
 90	-60	 638
 4	-6	 233
 209	-270	 221
 449	 33	 518
 3	-423	 834
 183	-74	-352
 4	 456	 548
 2	-122	 805
 323	-92	 312
-279	-107	 553
-62	-171	-496
 53	 364	 243
 92	-63	 637
 10	 1	 246
 220	-272	 228
 439	 25	 517
-2	-417	 806
 185	-74	-353
 4	 457	 548
 2	-118	 819
 321	-103	 300
-285	-90	 551
-67	-158	-480
 43	 363	 232
 88	-62	 643
 5	-14	 236
 208	-278	 223
 450	 37	 521
 0	-406	 820
 185	-73	-356
 4	 457	 534
-1	-122	 801
 318	-97	 319
-284	-105	 555
-67	-167	-489
 56	 362	 247
 89	-68	 639
-1	-18	 230
 225	-273	 225
 442	 23	 527
 1	-418	 819
 184	-70	-354
 0	 455	 550
 3	-117	 814
 326	-97	 315
-295	-105	 562
-62	-164	-495
 55	 359	 237
 86	-63	 653
-8	-17	 225
 209	-260	 231
 445	 38	 519
-1	-416	 816
 205	-77	-353
 5	 449	 541
-2	-117	 839
 317	-105	 307
-287	-105	 563
-61	-167	-508
 52	 363	 249
 88	-52	 636
 5	-18	 237
 212	-268	 230
 445	 37	 519
 1	-419	 802
 187	-70	-361
 2	 457	 541
 0	-114	 821
 322	-97	 316
-288	-99	 561
-70	-163	-485
 59	 365	 251
 97	-57	 633
 0	 0	 229
 221	-273	 213
 440	 32	 510
 7	-419	 820
 187	-70	-341
 6	 459	 531
 0	-121	 822
 324	-89	 301
-289	-105	 553
-65	-173	-485
 55	 371	 245
 87	-60	 630
-2	-8	 223
 217	-270	 220
 446	 34	 524
 3	-411	 805
 195	-76	-344
 4	 454	 544
 3	-130	 820
 325	-108	 319
-290	-103	 564
-67	-169	-485
 50	 358	 245
 88	-55	 637
 3	-6	 219
 215	-272	 223
 447	 45	 513
 3	-413	 812
 187	-70	-367
 3	 451	 545
 0	-119	 799
 327	-94	 310
-282	-104	 557
-72	-159	-506
 52	 366	 215
 75	-57	 634
 8	-4	 216
 210	-270	 231
 443	 37	 515
 2	-415	 797
 189	-81	-348
 10	 456	 533
-4	-132	 811
 321	-96	 304
-295	-94	 563
-60	-175	-502
 54	 363	 245
 89	-58	 647
 18	-12	 230
 208	-269	 232
 451	 27	 522
 6	-417	 816
 196	-74	-369
 9	 453	 523
 2	-127	 821
 316	-100	 319
-289	-107	 571
-63	-158	-511
 48	 375	 251
 96	-57	 615
 9	-11	 232
 205	-263	 228
 446	 37	 519
 8	-411	 805
 198	-66	-351
 2	 449	 520
 16	-123	 817
 326	-106	 323
-294	-102	 567
-72	-172	-503
 55	 366	 240
 81	-48	 651
-4	-7	 223
 214	-262	 205
 449	 40	 522
 16	-420	 819
 198	-68	-360
-8	 449	 531
 6	-119	 813
 331	-91	 294
-294	-100	 567
-69	-172	-518
 53	 364	 259
 89	-54	 641
 14	-11	 227
 217	-271	 216
 459	 42	 525
 0	-413	 804
 189	-74	-348
 3	 447	 512
-8	-116	 826
 318	-100	 296
-290	-102	 546
-63	-175	-513
 53	 364	 228
 85	-71	 631
 1	-6	 221
 215	-267	 231
 449	 32	 504
 5	-412	 816
 195	-73	-362
-1	 459	 525
 8	-122	 829
 327	-105	 318
-284	-103	 560
-59	-166	-509
 54	 368	 237
 85	-67	 649
-4	-9	 236
 223	-273	 225
 444	 25	 508
-8	-411	 812
 198	-63	-358
 1	 455	 537
 0	-111	 831
 325	-102	 308
-298	-92	 567
-69	-164	-483
 48	 362	 258
 83	-60	 641
-5	-16	 234
 218	-269	 227
 449	 39	 525
 2	-415	 806
 197	-66	-363
 6	 451	 544
-7	-116	 811
 332	-99	 301
-291	-98	 567
-63	-163	-493
 50	 364	 236
 86	-55	 637
 4	-11	 232
 208	-266	 225
 457	 42	 515
 0	-416	 801
 182	-62	-351
 12	 460	 526
 2	-124	 811
 315	-96	 312
-298	-97	 561
-70	-178	-500
 50	 374	 257
 94	-59	 642
 4	-8	 239
 207	-265	 216
 450	 31	 532
-2	-410	 806
 188	-65	-373
-5	 462	 530
-4	-117	 813
 320	-93	 316
-293	-96	 560
-66	-169	-499
 56	 358	 229
 94	-58	 638
 3	-11	 218
 212	-268	 221
 455	 34	 522
 0	-415	 813
 199	-78	-349
-13	 462	 537
 3	-114	 811
 330	-105	 293
-297	-100	 562
-75	-158	-497
 54	 360	 244
 84	-52	 627
 7	-12	 219
 221	-272	 234
 439	 32	 530
-6	-404	 813
 194	-62	-356
-11	 468	 544
 1	-116	 820
 314	-94	 310
-299	-99	 555
-61	-170	-504
 46	 371	 224
 87	-59	 638
 11	-15	 232
 214	-276	 229
 444	 30	 543
-4	-409	 839
 182	-77	-359
-5	 464	 526
 5	-112	 828
 325	-105	 321
-288	-92	 548
-62	-170	-488
 49	 366	 250
 94	-58	 638
-8	-9	 236
 222	-264	 224
 442	 38	 523
-7	-417	 837
 202	-72	-375
 7	 450	 529
 0	-119	 814
 330	-97	 303
-291	-92	 562
-73	-163	-509
 46	 362	 250
 89	-61	 637
 6	-9	 228
 210	-261	 222
 457	 33	 512
 5	-415	 825
 183	-58	-362
 0	 460	 549
-1	-118	 821
 326	-94	 311
-288	-98	 550
-61	-175	-488
 54	 372	 244
 88	-53	 632
 0	-7	 237
 204	-266	 211
 452	 30	 517
 5	-418	 819
 197	-81	-350
 5	 452	 535
-5	-123	 802
 329	-95	 301
-305	-103	 570
-69	-165	-486
 49	 364	 235
 81	-64	 633
 5	 0	 223
 217	-262	 213
 450	 27	 515
 7	-415	 805
 197	-66	-359
 5	 456	 538
 0	-122	 824
 324	-90	 319
-290	-97	 569
-73	-163	-494
 55	 363	 254
 85	-67	 633
 15	-10	 206
 209	-271	 227
 455	 36	 510
 2	-413	 810
 185	-60	-339
 4	 452	 532
-8	-125	 802
 312	-95	 301
-290	-94	 573
-67	-171	-484
 47	 367	 252
 86	-60	 639
 0	-8	 241
 219	-273	 227
 457	 21	 520
-4	-412	 803
 185	-80	-349
 0	 450	 535
 4	-105	 817
 332	-106	 307
-294	-91	 557
-70	-175	-493
 52	 368	 255
 95	-59	 621
-3	-14	 224
 218	-274	 222
 464	 46	 520
 5	-406	 814
 189	-75	-356
 7	 453	 524
-5	-119	 813
 328	-104	 316
-288	-102	 556
-63	-162	-494
 58	 365	 246
 91	-60	 636
 3	-4	 221
 213	-272	 206
 454	 49	 511
 11	-419	 807
 190	-70	-351
 3	 459	 543
-1	-126	 814
 318	-91	 305
-281	-96	 576
-66	-170	-512
 54	 370	 255
 92	-53	 618
 8	-2	 227
 204	-269	 207
 448	 38	 519
 7	-411	 798
 193	-69	-334
 0	 451	 535
 0	-121	 802
 332	-96	 300
-292	-95	 560
-71	-166	-491
 55	 370	 261
 92	-56	 643
 0	-11	 234
 212	-272	 216
 450	 29	 533
 4	-402	 804
 189	-72	-350
-3	 450	 542
 2	-119	 807
 326	-99	 321
-298	-94	 546
-71	-166	-493
 48	 368	 248
 91	-51	 641
 6	-4	 225
 211	-276	 212
 451	 26	 500
 7	-413	 807
 187	-71	-369
 0	 458	 526
-12	-110	 820
 325	-96	 313
-294	-101	 567
-67	-166	-497
 50	 366	 235
 92	-52	 651
-1	-10	 226
 214	-260	 238
 446	 30	 523
 8	-411	 822
 186	-71	-362
-1	 446	 520
 10	-130	 815
 330	-104	 323
-287	-104	 550
-71	-179	-487
 57	 358	 232
 85	-63	 640
 0	-13	 222
 208	-268	 224
 449	 27	 514
 4	-416	 812
 200	-79	-351
-4	 453	 522
 0	-118	 813
 315	-89	 324
-288	-105	 551
-74	-170	-510
 60	 373	 246
 92	-63	 655
 4	-13	 226
 213	-266	 213
 443	 35	 514
 3	-402	 805
 192	-72	-361
 5	 455	 524
-4	-119	 818
 335	-90	 298
-289	-95	 551
-73	-166	-497
 59	 365	 223
 85	-52	 632
 0	-13	 243
 216	-277	 223
 449	 38	 518
 1	-403	 808
 185	-75	-370
 4	 449	 524
-4	-123	 817
 333	-113	 313
-288	-105	 562
-75	-175	-501
 47	 366	 248
 98	-59	 627
 10	-1	 242
 213	-279	 227
 449	 36	 538
-6	-411	 803
 195	-69	-347
 4	 458	 551
 7	-114	 804
 332	-93	 299
-284	-108	 549
-75	-173	-495
 51	 352	 243
 85	-53	 662
 0	-11	 244
 228	-274	 224
 452	 35	 538
-8	-408	 814
 190	-78	-356
 10	 449	 537
-1	-122	 819
 321	-99	 301
-299	-99	 546
-71	-169	-514
 53	 358	 228
 82	-55	 638
 1	-8	 236
 215	-265	 229
 455	 41	 508
-7	-418	 818
 193	-70	-352
-2	 458	 533
-7	-120	 817
 331	-85	 310
-289	-104	 562
-64	-172	-470
 44	 361	 241
 89	-54	 634
 1	 0	 224
 216	-267	 220
 452	 33	 514
 1	-411	 805
 179	-69	-362
 0	 444	 538
 4	-121	 814
 326	-98	 297
-290	-96	 557
-61	-164	-485
 60	 362	 238
 84	-55	 622
 0	-7	 240
 216	-259	 226
 453	 33	 493
 11	-411	 799
 183	-79	-357
 0	 447	 547
-1	-108	 822
 315	-95	 296
-289	-90	 562
-69	-175	-503
 46	 355	 247
 87	-63	 636
 2	-6	 232
 206	-269	 234
 448	 33	 537
 2	-401	 798
 185	-73	-358
 1	 449	 528
-13	-120	 812
 323	-96	 313
-288	-96	 548
-66	-164	-488
 44	 367	 236
 91	-67	 642
-1	-11	 232
 215	-264	 225
 443	 32	 519
-2	-414	 800
 193	-77	-368
-8	 452	 538
-1	-121	 835
 326	-94	 316
-291	-92	 568
-70	-164	-497
 56	 366	 234
 92	-54	 646
 12	-10	 232
 212	-275	 229
 452	 33	 521
 2	-421	 826
 194	-61	-355
 0	 460	 524
-2	-122	 837
 338	-98	 308
-301	-97	 542
-68	-161	-508
 54	 352	 244
 85	-54	 647
 0	 0	 234
 210	-268	 226
 456	 30	 521
-5	-408	 818
 195	-74	-346
 3	 454	 520
-5	-123	 815
 325	-93	 291
-292	-105	 572
-72	-175	-491
 54	 369	 253
 79	-56	 635
-3	-14	 230
 213	-265	 217
 449	 41	 523
 1	-417	 802
 194	-77	-353
-3	 465	 533
-2	-134	 808
 319	-94	 316
-283	-97	 564
-77	-165	-499
 46	 371	 240
 88	-55	 627
 2	-2	 235
 210	-273	 205
 444	 22	 533
-1	-419	 817
 189	-78	-356
-8	 452	 526
 1	-114	 814
 323	-92	 297
-294	-106	 546
-61	-164	-485
 47	 367	 247
 83	-61	 638
-1	-10	 241
 206	-266	 223
 451	 30	 518
 5	-411	 801
 193	-76	-352
 9	 459	 521
-2	-122	 816
 321	-97	 313
-285	-91	 555
-78	-156	-510
 54	 364	 241
 95	-59	 625
 8	-5	 238
 221	-265	 210
 439	 40	 536
-1	-415	 805
 193	-74	-356
 12	 460	 532
 8	-127	 814
 324	-98	 309
-285	-105	 560
-58	-165	-505
 56	 365	 241
 92	-49	 640
-6	-8	 249
 215	-269	 218
 446	 29	 539
 8	-417	 800
 190	-68	-378
 0	 456	 548
 9	-125	 813
 322	-83	 302
-302	-95	 547
-71	-172	-486
 51	 367	 223
 78	-55	 635
-1	-8	 234
 210	-268	 229
 448	 30	 521
 4	-409	 800
 195	-79	-351
-3	 457	 535
 0	-121	 810
 323	-108	 327
-283	-96	 553
-73	-173	-498
 45	 362	 249
 81	-56	 641
 11	-5	 236
 215	-257	 210
 453	 43	 509
 0	-396	 810
 192	-73	-359
 1	 442	 530
-2	-118	 825
 323	-89	 312
-286	-100	 563
-66	-170	-512
 53	 365	 253
 90	-57	 645
 6	-12	 222
 199	-271	 216
 441	 39	 522
 3	-412	 802
 196	-69	-339
-3	 449	 535
-1	-115	 814
 331	-98	 302
-284	-98	 549
-71	-162	-490
 52	 369	 251
 74	-63	 634
 9	-16	 225
 209	-268	 227
 452	 34	 515
-4	-414	 807
 195	-66	-350
 3	 460	 522
-7	-117	 811
 314	-99	 298
-288	-105	 574
-67	-173	-498
 44	 363	 231
 84	-56	 639
 0	 0	 231
 210	-265	 214
 442	 36	 515
-3	-410	 804
 197	-62	-355
 0	 451	 536
 6	-121	 814
 326	-100	 305
-291	-97	 548
-66	-166	-493
 48	 359	 248
 90	-64	 649
 11	-3	 232
 202	-269	 215
 442	 21	 531
 8	-420	 812
 189	-71	-358
 7	 449	 538
 13	-118	 822
 327	-104	 303
-289	-95	 569
-62	-168	-508
 56	 362	 226
 98	-62	 646
 0	-4	 247
 215	-271	 229
 454	 29	 512
-3	-416	 816
 191	-71	-358
 4	 464	 541
 3	-121	 810
 326	-103	 300
-289	-99	 559
-58	-170	-502
 53	 368	 248
 104	-58	 644
 8	-7	 221
 208	-266	 218
 453	 34	 523
-2	-417	 814
 195	-72	-363
-5	 446	 548
-2	-124	 814
 321	-97	 302
-285	-93	 558
-58	-175	-497
 42	 361	 247
 87	-44	 647
 3	-7	 214
 205	-286	 221
 451	 32	 534
 1	-407	 820
 194	-74	-358
 0	 457	 535
 0	-116	 789
 322	-97	 320
-301	-97	 559
-75	-168	-501
 52	 367	 257
 72	-64	 643
 3	-16	 224
 219	-276	 227
 462	 33	 536
-1	-420	 816
 184	-71	-353
 4	 448	 535
-6	-118	 800
 330	-99	 305
-290	-104	 565
-69	-174	-495
 52	 372	 231
 95	-60	 637
-1	-8	 221
 221	-267	 225
 446	 40	 538
-1	-414	 807
 186	-65	-346
-3	 454	 541
 0	-118	 814
 330	-102	 303
-295	-102	 544
-68	-170	-513
 49	 356	 240
 94	-51	 648
 0	-3	 236
 223	-277	 225
 464	 36	 531
 2	-413	 804
 189	-66	-348
 3	 449	 531
 0	-127	 823
 322	-90	 306
-287	-99	 564
-74	-166	-491
 45	 369	 245
 91	-63	 644
 2	-10	 251
 208	-261	 224
 450	 39	 518
 3	-417	 821
 196	-62	-373
 0	 460	 540
-5	-124	 835
 326	-99	 304
-287	-92	 566
-70	-169	-503
 56	 370	 239
 90	-63	 643
-1	-11	 217
 218	-274	 237
 441	 27	 518
 5	-414	 798
 195	-67	-359
 10	 453	 532
-12	-105	 823
 326	-96	 321
-295	-102	 556
-66	-163	-495
 51	 353	 258
 97	-57	 635
 13	-5	 229
 207	-269	 208
 452	 45	 514
 3	-416	 806
 193	-59	-342
-4	 450	 533
-4	-129	 807
 327	-98	 309
-283	-98	 555
-64	-171	-489
 60	 365	 241
 96	-56	 627
-2	-7	 241
 217	-265	 213
 449	 28	 520
 3	-417	 827
 189	-66	-352
-5	 454	 546
 4	-109	 828
 325	-100	 304
-300	-96	 557
-61	-162	-492
 47	 369	 261
 83	-61	 632
 7	-12	 220
 203	-271	 228
 445	 28	 531
-2	-414	 791
 199	-66	-367
 3	 462	 540
-6	-112	 808
 316	-100	 314
-292	-98	 567
-74	-167	-507
 52	 360	 252
 93	-60	 637
 10	-3	 229
 213	-265	 216
 447	 34	 522
 0	-412	 817
 184	-75	-367
 5	 460	 529
-11	-124	 803
 325	-97	 318
-292	-97	 571
-67	-163	-490
 48	 365	 248
 77	-59	 642
 6	-6	 241
 207	-265	 240
 452	 36	 523
-2	-418	 814
 184	-73	-363
 6	 452	 529
-15	-119	 819
 331	-98	 312
-290	-101	 558
-65	-171	-493
 54	 364	 245
 85	-55	 623
-1	-11	 213
 211	-262	 223
 444	 44	 510
 3	-409	 797
 193	-80	-353
-2	 453	 542
 7	-116	 819
 324	-94	 295
-297	-95	 575
-62	-166	-501
 48	 363	 221
 84	-59	 640
 6	-13	 231
 217	-275	 237
 462	 32	 523
 0	-412	 815
 187	-73	-356
 0	 456	 531
 6	-121	 820
 328	-101	 312
-282	-98	 552
-69	-162	-490
 41	 362	 226
 94	-56	 657
-1	-5	 236
 215	-266	 215
 447	 34	 526
 1	-413	 810
 189	-75	-377
 2	 465	 529
-5	-124	 816
 324	-90	 324
-289	-97	 570
-74	-174	-484
 59	 361	 250
 93	-57	 633
 13	-4	 221
 206	-267	 213
 449	 39	 528
 6	-414	 789
 187	-71	-355
 3	 449	 536
-4	-122	 822
 325	-91	 307
-283	-107	 582
-72	-170	-518
 56	 360	 237
 92	-63	 632
 9	-1	 242
 214	-268	 231
 452	 53	 520
 0	-419	 800
 191	-58	-360
 1	 455	 532
 4	-121	 801
 316	-104	 303
-287	-97	 549
-66	-163	-498
 57	 364	 242
 83	-56	 637
-5	-16	 228
 213	-266	 212
 443	 45	 533
 1	-414	 812
 186	-68	-353
 4	 458	 544
 1	-120	 817
 318	-96	 323
-284	-104	 544
-70	-166	-490
 54	 366	 245
 98	-58	 643
 1	-10	 225
 219	-266	 209
 439	 39	 518
 8	-416	 803
 189	-76	-349
 9	 448	 531
-4	-124	 817
 323	-89	 301
-284	-95	 566
-60	-153	-506
 59	 365	 247
 95	-60	 627
 2	-21	 224
 210	-267	 223
 442	 44	 514
 6	-417	 802
 201	-75	-351
-11	 457	 535
 1	-119	 830
 326	-99	 313
-281	-89	 548
-61	-169	-499
 49	 366	 239
 93	-52	 625
 14	-4	 231
 208	-271	 218
 445	 34	 520
 5	-416	 823
 186	-68	-364
-4	 454	 543
-9	-119	 818
 328	-102	 302
-285	-89	 549
-68	-165	-496
 47	 360	 238
 84	-47	 640
-6	-11	 241
 213	-266	 214
 449	 40	 515
 19	-419	 803
 189	-70	-350
-4	 456	 526
 3	-123	 814
 327	-99	 311
-291	-95	 542
-62	-165	-507
 49	 365	 238
 91	-49	 645
 6	-9	 223
 216	-263	 219
 441	 30	 524
 4	-410	 824
 195	-70	-367
 0	 451	 522
 5	-125	 825
 324	-98	 310
-284	-105	 561
-67	-167	-485
 55	 375	 237
 83	-57	 635
 7	-8	 234
 207	-269	 214
 459	 32	 525
-9	-419	 814
 199	-70	-358
-1	 450	 529
 9	-120	 814
 315	-99	 311
-285	-101	 534
-69	-168	-514
 54	 361	 240
 88	-52	 642
 3	-18	 239
 216	-269	 224
 446	 32	 503
 0	-406	 822
 196	-72	-360
 0	 449	 542
 6	-130	 817
 325	-106	 310
-294	-107	 562
-62	-159	-501
 60	 367	 245
 90	-60	 653
 2	-3	 232
 215	-266	 215
 452	 38	 528
 4	-414	 808
 196	-75	-343
-2	 456	 535
 4	-114	 816
 322	-93	 301
-284	-101	 557
-71	-166	-496
 51	 364	 238
 92	-59	 634
 9	-13	 234
 214	-263	 226
 453	 31	 503
 0	-412	 794
 190	-65	-355
-2	 455	 528
 3	-118	 818
 325	-89	 315
-286	-99	 566
-74	-150	-498
 57	 365	 242
 86	-61	 625
 14	 0	 244
 212	-273	 241
 442	 30	 525
-11	-413	 811
 201	-83	-359
 5	 450	 524
-4	-123	 795
 330	-99	 310
-284	-103	 555
-65	-163	-496
 62	 361	 241
 104	-56	 633
 6	-14	 227
 210	-267	 210
 444	 36	 505
 2	-419	 810
 187	-71	-353
 4	 447	 518
-5	-117	 822
 317	-97	 318
-294	-103	 550
-75	-179	-510
 57	 369	 247
 87	-62	 625
 6	-4	 224
 220	-276	 228
 450	 41	 522
 5	-413	 823
 189	-66	-369
 2	 450	 535
-12	-118	 826
 312	-97	 304
-293	-93	 552
-71	-163	-498
 51	 368	 254
 83	-66	 650
 7	-9	 238
 215	-269	 221
 443	 35	 516
-1	-418	 805
 185	-71	-357
 6	 445	 538
 7	-128	 818
 330	-98	 292
-288	-102	 568
-69	-181	-488
 56	 371	 230
 82	-61	 647
 0	-10	 232
 212	-263	 224
 454	 39	 516
-1	-422	 820
 194	-60	-346
 7	 446	 524
 1	-126	 824
 319	-104	 321
-289	-97	 553
-67	-157	-503
 48	 367	 243
 93	-53	 652
 8	-11	 216
 211	-259	 225
 450	 35	 539
 3	-417	 795
 184	-65	-354
-2	 451	 538
-1	-119	 803
 329	-106	 298
-290	-94	 561
-70	-174	-491
 52	 365	 252
 92	-58	 630
 0	-6	 233
 207	-274	 214
 447	 31	 533
 2	-407	 807
 186	-75	-342
 9	 456	 530
 0	-120	 815
 326	-97	 313
-290	-92	 555
-62	-157	-520
 54	 372	 224
 89	-58	 647
-2	-9	 219
 213	-273	 206
 443	 48	 524
 4	-420	 799
 191	-72	-359
 7	 456	 537
 0	-123	 815
 326	-96	 299
-292	-100	 561
-56	-156	-492
 52	 367	 259
 91	-61	 651
 1	-14	 225
 215	-255	 211
 452	 33	 522
 0	-404	 796
 180	-67	-353
-7	 454	 540
 1	-121	 827
 312	-109	 325
-296	-93	 554
-56	-167	-489
 51	 373	 234
 89	-63	 647
 2	-14	 235
 219	-269	 222
 448	 40	 520
 15	-408	 813
 195	-77	-362
-1	 449	 521
 2	-122	 818
 322	-94	 306
-293	-95	 568
-75	-161	-514
 50	 361	 244
 81	-58	 652
 1	-5	 239
 226	-266	 204
 447	 28	 518
 4	-408	 817
 182	-71	-338
 9	 456	 538
-4	-123	 827
 331	-95	 298
-294	-100	 555
-68	-184	-507
 59	 365	 239
 87	-54	 640
 6	-8	 220
 210	-261	 226
 449	 41	 508
 5	-416	 819
 187	-74	-360
-6	 453	 526
 0	-118	 807
 322	-100	 295
-294	-90	 571
-86	-161	-475
 47	 358	 247
 82	-56	 622
 8	-6	 225
 210	-274	 202
 449	 41	 520
-1	-412	 814
 186	-71	-340
 11	 462	 532
 8	-128	 830
 312	-100	 299
-291	-106	 560
-64	-165	-500
 51	 366	 231
 76	-72	 638
 9	-8	 228
 219	-273	 234
 452	 43	 522
 4	-408	 812
 195	-66	-365
-8	 459	 537
 0	-112	 827
 321	-100	 304
-299	-91	 546
-70	-168	-502
 55	 375	 247
 88	-67	 649
 13	-5	 238
 225	-269	 224
 457	 41	 507
 9	-415	 815
 190	-71	-353
 0	 442	 544
-1	-115	 827
 334	-95	 311
-290	-94	 568
-79	-166	-503
 55	 366	 230
 90	-50	 625
 0	-4	 221
 210	-279	 233
 458	 36	 525
 4	-411	 817
 188	-75	-374
 8	 448	 535
-5	-122	 828
 321	-94	 307
-287	-97	 572
-86	-164	-500
 45	 372	 237
 85	-57	 640
 2	-10	 234
 216	-264	 216
 444	 32	 518
 8	-416	 826
 183	-80	-355
 6	 450	 554
 6	-129	 809
 326	-104	 316
-285	-102	 552
-75	-174	-494
 64	 359	 230
 83	-69	 652
 5	-7	 229
 212	-268	 238
 446	 33	 519
-1	-400	 815
 186	-81	-341
 2	 458	 528
 14	-114	 820
 322	-96	 312
-285	-90	 564
-76	-156	-493
 41	 363	 236
 81	-63	 647
 2	-9	 234
 227	-268	 224
 451	 40	 514
 8	-406	 809
 182	-76	-343
-5	 452	 532
-1	-117	 814
 324	-89	 315
-295	-98	 552
-56	-167	-515
 57	 364	 251
 91	-59	 638
 18	-5	 232
 217	-267	 232
 453	 40	 510
-2	-399	 808
 187	-74	-361
 3	 457	 522
 6	-111	 820
 321	-101	 307
-292	-102	 570
-85	-164	-508
 53	 356	 236
 85	-61	 625
 10	-15	 230
 213	-264	 237
 453	 34	 521
 1	-417	 809
 204	-69	-351
 2	 452	 530
-15	-114	 814
 332	-94	 303
-298	-88	 574
-74	-179	-506
 54	 370	 273
 86	-71	 630
 8	-12	 236
 218	-267	 232
 447	 36	 524
 9	-415	 803
 188	-76	-355
 8	 459	 517
 7	-117	 819
 323	-101	 306
-297	-99	 536
-70	-167	-496
 51	 367	 233
 87	-66	 635
 6	-7	 223
 216	-264	 230
 450	 31	 520
 4	-413	 812
 196	-80	-352
-3	 465	 522
-5	-117	 822
 323	-99	 319
-285	-97	 568
-73	-174	-487
 50	 364	 243
 97	-55	 633
 4	-18	 225
 219	-263	 220
 453	 34	 524
 0	-415	 825
 179	-76	-369
 3	 457	 537
 5	-109	 817
 325	-105	 314
-286	-101	 563
-79	-169	-484
 55	 362	 242
 92	-65	 645
 9	-3	 226
 205	-272	 228
 449	 34	 522
 0	-415	 807
 190	-73	-363
 0	 464	 547
 7	-120	 831
 321	-105	 308
-292	-105	 544
-67	-162	-489
 57	 366	 255
 86	-62	 636
 7	-16	 232
 221	-279	 206
 450	 36	 523
 5	-414	 817
 204	-70	-352
 0	 464	 553
 1	-115	 802
 319	-103	 312
-293	-101	 566
-67	-160	-498
 48	 358	 231
 95	-55	 632
 0	-13	 224
 220	-267	 224
 453	 43	 525
-3	-418	 810
 194	-65	-378
-12	 453	 542
-5	-120	 816
 324	-102	 308
-289	-99	 567
-67	-166	-475
 47	 363	 256
 87	-59	 632
 0	-9	 215
 208	-261	 218
 445	 42	 519
 4	-416	 815
 179	-80	-356
-7	 462	 554
 5	-112	 829
 320	-92	 291
-293	-96	 572
-69	-162	-498
 52	 361	 233
 90	-59	 632
 8	-10	 250
 216	-274	 217
 451	 31	 532
 0	-416	 798
 197	-76	-348
 5	 452	 545
 0	-113	 788
 333	-94	 323
-289	-97	 566
-68	-164	-500
 53	 373	 236
 91	-55	 656
-4	-10	 205
 213	-266	 223
 452	 34	 535
-3	-415	 806
 185	-64	-351
-10	 452	 533
 4	-126	 809
 324	-96	 308
-295	-97	 570
-70	-171	-485
 55	 361	 235
 79	-54	 643
 5	-12	 219
 217	-285	 227
 451	 39	 526
-5	-409	 814
 184	-82	-357
-5	 458	 549
-6	-124	 805
 325	-95	 312
-289	-97	 555
-59	-162	-487
 54	 357	 239
 97	-62	 637
 8	-18	 230
 215	-270	 214
 454	 32	 526
-8	-407	 801
 188	-66	-346
 3	 457	 536
 0	-121	 817
 328	-110	 293
-296	-109	 573
-72	-157	-486
 59	 364	 246
 90	-52	 627
-1	 0	 214
 215	-265	 232
 444	 33	 513
 2	-411	 804
 191	-60	-361
-3	 449	 518
 7	-116	 824
 335	-105	 311
-283	-108	 579
-64	-173	-508
 48	 364	 239
 83	-58	 653
 0	-12	 239
 206	-261	 221
 455	 27	 513
 0	-424	 813
 193	-75	-370
 4	 449	 540
 0	-117	 807
 326	-97	 307
-294	-102	 557
-64	-170	-493
 60	 365	 245
 86	-58	 638
-8	 3	 219
 213	-262	 236
 455	 45	 528
 0	-402	 817
 179	-78	-356
 0	 452	 553
 4	-117	 829
 325	-97	 309
-296	-103	 550
-72	-168	-495
 54	 356	 245
 88	-53	 678
 4	 2	 234
 208	-262	 221
 447	 37	 524
 0	-401	 813
 186	-71	-362
 2	 448	 537
-8	-117	 810
 320	-96	 303
-285	-90	 559
-76	-155	-502
 44	 363	 227
 94	-62	 650
 4	-11	 227
 224	-274	 232
 450	 24	 509
-4	-421	 795
 186	-71	-352
 1	 449	 549
-7	-125	 807
 318	-98	 293
-291	-98	 577
-66	-166	-491
 41	 359	 234
 93	-69	 631
 1	-8	 228
 213	-274	 226
 460	 25	 521
 9	-425	 819
 188	-72	-371
 10	 451	 529
-2	-122	 815
 332	-99	 295
-283	-98	 562
-70	-162	-510
 60	 357	 243
 87	-56	 630
-1	-3	 224
 226	-265	 229
 449	 28	 520
 1	-408	 825
 196	-71	-351
-1	 444	 521
 1	-118	 802
 326	-106	 309
-288	-96	 548
-67	-172	-512
 50	 363	 246
 94	-56	 633
 3	-1	 236
 217	-264	 219
 449	 37	 526
-6	-417	 811
 195	-67	-352
-4	 453	 546
 4	-116	 807
 325	-104	 317
-289	-100	 560
-75	-158	-493
 57	 366	 236
 88	-41	 614
 6	-16	 243
 214	-279	 227
 449	 35	 537
 0	-408	 818
 190	-67	-362
-7	 449	 552
 0	-114	 808
 322	-101	 310
-290	-101	 546
-64	-178	-488
 52	 362	 227
 95	-44	 642
 1	-7	 224
 219	-267	 227
 451	 24	 514
-2	-414	 804
 181	-78	-358
 2	 448	 538
-4	-118	 802
 330	-104	 311
-295	-100	 568
-60	-165	-490
 48	 363	 244
 86	-69	 650
-3	-6	 213
 209	-264	 223
 437	 27	 510
 4	-412	 825
 184	-68	-348
 10	 453	 532
-5	-114	 802
 330	-99	 304
-296	-98	 570
-74	-164	-502
 48	 374	 243
 94	-51	 632
 1	-9	 216
 208	-275	 226
 445	 41	 533
 2	-417	 804
 195	-71	-357
 9	 448	 549
-10	-117	 810
 319	-93	 303
-288	-104	 555
-65	-170	-502
 46	 366	 258
 93	-61	 631
 0	-3	 207
 207	-271	 222
 442	 29	 522
-6	-415	 795
 202	-74	-367
-1	 456	 527
 0	-117	 843
 327	-100	 302
-292	-103	 555
-64	-170	-525
 44	 356	 247
 83	-63	 635
 5	-21	 216
 214	-264	 230
 449	 40	 520
 8	-410	 819
 188	-66	-358
 2	 444	 552
-2	-108	 824
 319	-92	 299
-290	-95	 555
-70	-170	-503
 49	 367	 241
 87	-60	 642
 4	-3	 221
 205	-283	 210
 455	 31	 528
 1	-417	 809
 198	-68	-349
-6	 450	 546
 0	-117	 822
 328	-101	 310
-287	-105	 563
-73	-162	-495
 59	 371	 251
 86	-55	 646
 9	-16	 229
 213	-260	 224
 453	 32	 527
 3	-423	 816
 200	-76	-365
 8	 451	 534
 6	-119	 826
 332	-111	 294
-287	-98	 563
-66	-168	-492
 52	 365	 257
 76	-61	 644
 11	-7	 215
 208	-265	 237
 451	 34	 510
 4	-411	 823
 191	-68	-361
-2	 458	 520
-2	-117	 814
 323	-99	 308
-291	-96	 546
-67	-160	-511
 54	 352	 250
 81	-55	 638
 9	-12	 226
 210	-273	 217
 449	 43	 512
 0	-409	 813
 194	-75	-361
-8	 452	 540
-5	-118	 824
 317	-94	 299
-285	-99	 560
-67	-166	-493
 55	 372	 243
 81	-62	 641
 2	-17	 235
 214	-271	 235
 447	 31	 534
 1	-409	 824
 182	-68	-360
 7	 448	 522
-4	-118	 823
 326	-93	 292
-297	-100	 544
-70	-167	-495
 51	 361	 252
 85	-55	 642
 4	-10	 240
 215	-273	 218
 452	 34	 511
 0	-416	 826
 192	-69	-351
 1	 456	 533
-13	-115	 817
 317	-92	 303
-298	-102	 547
-68	-167	-497
 49	 365	 248
 84	-58	 653
 8	-6	 232
 217	-279	 227
 447	 34	 524
 9	-399	 816
 196	-65	-356
 0	 451	 548
-6	-116	 807
 322	-91	 305
-289	-94	 565
-61	-166	-511
 51	 366	 239
 80	-62	 642
-3	-3	 230
 207	-269	 213
 450	 35	 514
 8	-416	 800
 201	-78	-366
 0	 456	 536
-3	-110	 825
 323	-98	 303
-293	-103	 561
-61	-174	-489
 56	 365	 244
 92	-55	 633
 0	-9	 226
 213	-267	 219
 444	 36	 533
-1	-411	 819
 194	-71	-365
 10	 456	 535
-8	-111	 806
 333	-99	 306
-298	-100	 556
-64	-165	-487
 56	 360	 244
 85	-69	 639
 0	 0	 234
 214	-276	 211
 439	 31	 522
-2	-415	 831
 188	-67	-351
 3	 445	 551
 1	-119	 825
 325	-105	 325
-290	-103	 566
-61	-168	-499
 53	 368	 245
 81	-59	 646
 7	-14	 227
 227	-275	 231
 435	 47	 521
 0	-406	 824
 195	-71	-366
-6	 456	 533
-2	-122	 798
 330	-99	 303
-271	-101	 554
-62	-163	-501
 51	 358	 230
 99	-68	 632
 14	-4	 245
 210	-267	 223
 448	 37	 517
 0	-414	 806
 188	-79	-354
 4	 442	 540
 5	-111	 810
 333	-100	 297
-283	-96	 554
-75	-161	-493
 51	 376	 239
 89	-55	 647
-2	-12	 236
 220	-270	 233
 454	 41	 505
 4	-406	 825
 185	-66	-346
 0	 450	 540
-2	-125	 800
 322	-97	 296
-293	-99	 543
-63	-165	-500
 57	 363	 241
 81	-58	 635
 3	-12	 230
 209	-269	 213
 454	 35	 512
 6	-416	 800
 191	-66	-352
 4	 454	 529
-2	-118	 799
 316	-102	 301
-291	-105	 571
-68	-174	-508
 53	 365	 244
 79	-64	 645
 7	-1	 233
 212	-266	 225
 445	 45	 523
 10	-418	 802
 196	-72	-355
-9	 457	 533
 5	-121	 814
 332	-102	 309
-283	-98	 573
-70	-159	-489
 52	 366	 234
 89	-58	 649
 0	-7	 224
 207	-275	 217
 452	 37	 519
 4	-415	 810
 180	-76	-364
 7	 447	 539
 10	-126	 812
 345	-92	 311
-274	-94	 554
-63	-171	-507
 49	 352	 237
 93	-56	 631
 4	-16	 241
 198	-266	 209
 454	 35	 525
-6	-406	 817
 196	-70	-367
-1	 465	 535
 0	-123	 825
 321	-96	 295
-279	-92	 551
-76	-172	-511
 61	 366	 250
 80	-64	 648
 8	-12	 229
 205	-268	 223
 446	 47	 507
-2	-419	 812
 197	-64	-356
 3	 457	 538
-7	-118	 814
 329	-105	 322
-292	-104	 552
-83	-174	-499
 56	 366	 243
 88	-62	 629
 12	-6	 214
 213	-269	 243
 449	 38	 530
-3	-414	 805
 194	-62	-348
 0	 456	 518
-6	-127	 829
 330	-94	 318
-302	-96	 553
-71	-177	-498
 45	 362	 246
 87	-60	 644
 14	-15	 237
 211	-259	 202
 450	 39	 538
-8	-414	 808
 188	-67	-349
 2	 450	 529
 2	-119	 802
 322	-97	 317
-286	-94	 542
-68	-170	-509
 49	 368	 250
 86	-61	 646
 0	 0	 239
 207	-266	 217
 449	 25	 502
 15	-418	 819
 187	-61	-358
 10	 454	 525
-1	-111	 809
 321	-92	 305
-295	-97	 553
-75	-174	-482
 39	 365	 242
 89	-62	 631
 3	-9	 240
 214	-269	 209
 446	 33	 520
 15	-411	 814
 189	-75	-355
 7	 451	 543
 4	-117	 815
 331	-90	 318
-294	-101	 564
-74	-167	-522
 48	 364	 239
 91	-60	 649
 6	-9	 241
 218	-263	 211
 445	 51	 498
 0	-424	 824
 195	-62	-356
 0	 460	 550
-6	-125	 814
 325	-99	 303
-290	-97	 566
-65	-163	-503
 55	 371	 240
 99	-53	 652
 11	-12	 249
 212	-265	 211
 452	 41	 509
 4	-408	 820
 203	-69	-353
-7	 452	 542
 1	-111	 808
 336	-92	 317
-288	-88	 558
-74	-169	-502
 65	 364	 251
 93	-64	 628
 11	-2	 235
 212	-268	 225
 456	 34	 521
-2	-414	 831
 191	-73	-356
 1	 455	 525
 1	-117	 822
 326	-103	 295
-303	-89	 548
-66	-164	-494
 48	 358	 222
 95	-56	 635
 13	-13	 226
 209	-265	 239
 452	 34	 535
 3	-420	 798
 181	-72	-351
 6	 451	 535
 0	-113	 814
 333	-106	 305
-297	-94	 559
-66	-159	-497
 60	 359	 243
 86	-64	 642
-1	-7	 233
 207	-266	 213
 449	 38	 538
-5	-412	 809
 182	-70	-341
 0	 454	 549
-2	-119	 804
 326	-97	 295
-298	-105	 555
-63	-162	-498
 52	 363	 238
 91	-60	 644
 3	-4	 228
 222	-267	 230
 448	 28	 525
 6	-413	 794
 187	-70	-346
 3	 461	 559
 8	-114	 804
 321	-91	 294
-290	-104	 556
-79	-170	-487
 58	 367	 252
 85	-62	 627
 12	-13	 227
 211	-268	 215
 449	 32	 526
 5	-413	 822
 184	-79	-362
 9	 449	 525
-13	-121	 815
 329	-85	 300
-291	-102	 556
-56	-171	-498
 47	 373	 248
 83	-61	 655
-5	-10	 231
 222	-277	 214
 451	 27	 532
-5	-421	 820
 187	-66	-358
-6	 454	 531
 0	-117	 815
 324	-98	 291
-294	-96	 560
-71	-165	-486
 56	 358	 254
 82	-64	 624
 2	-11	 236
 218	-278	 221
 459	 39	 519
 8	-413	 808
 188	-74	-356
 2	 459	 534
-6	-119	 829
 325	-105	 298
-293	-103	 544
-69	-174	-495
 52	 357	 244
 90	-63	 629
-1	-4	 239
 214	-274	 217
 453	 38	 513
-1	-416	 798
 189	-64	-372
-7	 464	 529
 5	-124	 805
 317	-93	 317
-286	-98	 553
-69	-165	-491
 60	 368	 237
 80	-58	 635
-3	-3	 230
 214	-273	 222
 457	 36	 516
 0	-410	 805
 189	-74	-361
 1	 464	 551
 9	-120	 827
 322	-98	 317
-288	-106	 554
-66	-165	-502
 41	 366	 236
 81	-57	 642
 2	-13	 243
 217	-264	 224
 451	 29	 526
 9	-422	 812
 192	-74	-358
 2	 450	 550
 3	-121	 809
 321	-102	 299
-287	-101	 570
-71	-166	-491
 54	 367	 264
 81	-63	 620
 14	-6	 224
 218	-265	 232
 460	 33	 534
 9	-417	 806
 180	-67	-351
 9	 452	 522
 0	-114	 824
 342	-95	 308
-286	-106	 574
-66	-164	-498
 50	 367	 236
 86	-52	 640
 0	-12	 249
 208	-269	 224
 443	 33	 530
-2	-414	 817
 192	-76	-355
 6	 448	 542
 2	-124	 802
 318	-91	 313
-292	-100	 578
-66	-174	-485
 50	 375	 244
 76	-64	 638
 6	-10	 229
 217	-268	 231
 459	 37	 525
-2	-409	 803
 190	-75	-348
 0	 444	 535
-8	-118	 816
 323	-100	 293
-288	-102	 547
-63	-163	-493
 60	 356	 250
 93	-61	 649
 0	 1	 234
 217	-260	 225
 445	 34	 536
 1	-422	 817
 194	-64	-363
 1	 444	 555
-2	-119	 815
 323	-90	 301
-297	-93	 544
-74	-166	-508
 52	 371	 233
 84	-69	 641
 12	-9	 210
 215	-270	 220
 449	 31	 531
-2	-415	 822
 189	-69	-338
-7	 455	 539
 2	-122	 814
 308	-100	 301
-288	-91	 558
-68	-158	-500
 55	 364	 232
 93	-54	 632
 1	-11	 244
 212	-263	 216
 455	 27	 532
-6	-416	 819
 189	-73	-360
 8	 456	 528
 5	-122	 819
 325	-105	 316
-289	-95	 565
-74	-165	-506
 50	 362	 234
 81	-57	 651
 9	-5	 205
 209	-272	 229
 446	 38	 515
 4	-417	 811
 188	-65	-361
 7	 447	 553
 1	-116	 812
 319	-94	 322
-293	-97	 555
-61	-169	-494
 53	 364	 233
 80	-54	 626
 9	-15	 239
 219	-278	 234
 447	 45	 499
 1	-419	 817
 188	-76	-362
-5	 454	 534
-8	-110	 827
 325	-97	 306
-282	-98	 552
-67	-175	-501
 45	 366	 230
 78	-57	 639
 1	-17	 232
 202	-269	 225
 448	 33	 513
-4	-416	 826
 181	-68	-363
 2	 447	 535
-3	-118	 815
 327	-107	 296
-274	-89	 552
-73	-163	-500
 50	 364	 251
 76	-69	 632
 3	-8	 246
 219	-267	 228
 449	 39	 502
 0	-412	 827
 201	-72	-359
 0	 454	 528
-8	-120	 832
 322	-88	 302
-276	-94	 550
-72	-165	-507
 56	 371	 243
 92	-60	 657
 4	-18	 224
 219	-260	 220
 448	 33	 518
-5	-407	 813
 182	-73	-363
 2	 461	 535
 8	-115	 808
 321	-96	 300
-294	-102	 568
-78	-167	-504
 46	 365	 240
 85	-55	 646
 4	-9	 225
 213	-269	 221
 447	 38	 522
 0	-413	 811
 194	-72	-363
-4	 449	 518
-3	-117	 822
 330	-88	 299
-291	-104	 549
-55	-161	-501
 47	 369	 237
 77	-55	 644
 4	-14	 235
 218	-266	 213
 458	 31	 525
-3	-423	 826
 185	-69	-345
 1	 454	 557
 2	-120	 836
 319	-98	 315
-291	-101	 563
-70	-173	-488
 52	 363	 237
 89	-58	 658
 0	-1	 231
 208	-269	 223
 451	 28	 523
 11	-417	 807
 178	-62	-360
-9	 464	 540
 6	-115	 810
 328	-98	 314
-283	-94	 575
-71	-163	-515
 49	 369	 247
 79	-50	 641
-3	-2	 238
 208	-264	 225
 456	 28	 504
 3	-409	 821
 194	-62	-360
 8	 459	 548
 4	-118	 803
 324	-100	 310
-285	-91	 564
-66	-161	-501
 51	 360	 236
 81	-61	 636
 6	-12	 239
 213	-271	 237
 451	 34	 499
 6	-415	 832
 202	-68	-368
-4	 458	 526
-1	-121	 810
 328	-97	 309
-289	-94	 567
-74	-169	-481
 55	 377	 246
 78	-57	 648
 2	-12	 253
 217	-264	 220
 450	 28	 525
 0	-413	 814
 190	-72	-362
 11	 464	 535
 3	-119	 832
 320	-92	 302
-292	-92	 547
-79	-165	-499
 58	 360	 246
 86	-58	 637
 7	-14	 221
 206	-272	 228
 459	 33	 523
 9	-420	 802
 185	-70	-381
 1	 449	 531
-8	-126	 807
 315	-106	 304
-291	-103	 548
-73	-170	-488
 46	 359	 242
 91	-67	 603
 10	-14	 246
 211	-268	 209
 447	 24	 518
 3	-406	 799
 199	-61	-354
-14	 454	 543
 0	-117	 810
 316	-85	 311
-282	-95	 560
-71	-166	-491
 60	 363	 233
 87	-51	 635
-2	-3	 233
 213	-263	 239
 442	 38	 520
 0	-417	 823
 192	-72	-352
 6	 454	 520
-10	-121	 815
 326	-99	 296
-281	-100	 560
-79	-162	-497
 54	 372	 241
 96	-54	 634
 0	-18	 229
 219	-273	 224
 452	 39	 530
-3	-420	 797
 180	-64	-366
 11	 457	 530
-9	-114	 793
 327	-87	 332
-288	-100	 570
-68	-167	-497
 48	 363	 232
 85	-57	 649
 7	-7	 224
 218	-271	 222
 451	 36	 508
 4	-413	 807
 195	-70	-360
 2	 450	 543
 3	-118	 819
 337	-99	 310
-283	-99	 558
-72	-175	-490
 55	 364	 244
 88	-61	 647
 1	-8	 248
 210	-264	 243
 449	 36	 507
 15	-415	 813
 194	-60	-365
 0	 459	 560
-5	-117	 830
 323	-97	 288
-300	-91	 559
-71	-162	-491
 42	 361	 240
 85	-60	 648
-3	-6	 228
 213	-268	 214
 449	 38	 525
 0	-415	 812
 185	-79	-365
 5	 456	 550
 1	-115	 815
 321	-103	 299
-290	-104	 558
-63	-174	-494
 57	 364	 248
 86	-58	 629
 0	-18	 232
 207	-257	 214
 450	 31	 513
-3	-417	 797
 178	-67	-353
-7	 444	 532
 4	-121	 812
 318	-100	 298
-294	-97	 560
-71	-178	-492
 50	 359	 242
 81	-59	 628
 5	-11	 239
 215	-266	 233
 445	 38	 522
 2	-417	 805
 182	-74	-375
 5	 452	 534
-12	-121	 806
 331	-91	 320
-295	-95	 555
-68	-162	-493
 64	 364	 234
 81	-54	 618
 0	-8	 241
 212	-265	 203
 449	 34	 525
-10	-414	 803
 189	-67	-358
-1	 443	 544
-2	-124	 808
 332	-110	 314
-292	-101	 565
-62	-165	-478
 54	 375	 237
 94	-67	 639
 0	-3	 229
 214	-271	 224
 445	 28	 505
 7	-414	 813
 192	-63	-369
 0	 462	 536
 4	-116	 823
 316	-91	 302
-294	-97	 550
-73	-172	-496
 59	 372	 248
 84	-66	 642
 5	-8	 225
 218	-276	 237
 443	 38	 515
 2	-410	 819
 194	-74	-369
 3	 459	 532
 3	-127	 814
 321	-97	 315
-291	-98	 561
-76	-169	-500
 52	 360	 239
 91	-59	 646
 2	-21	 244
 213	-271	 234
 443	 28	 524
-5	-416	 814
 200	-75	-362
 10	 456	 540
-11	-116	 829
 329	-89	 306
-289	-94	 561
-80	-168	-484
 57	 360	 242
 82	-56	 650
 0	-6	 236
 221	-276	 221
 445	 41	 527
-8	-406	 815
 188	-76	-361
 4	 452	 536
 0	-124	 825
 320	-95	 304
-290	-92	 553
-65	-159	-512
 53	 368	 251
 88	-53	 622
 5	-13	 220
 220	-264	 224
 449	 31	 514
-2	-418	 825
 183	-70	-357
-2	 446	 550
 3	-121	 816
 325	-107	 316
-292	-95	 562
-65	-169	-509
 58	 362	 237
 90	-66	 643
 1	-7	 229
 208	-261	 222
 446	 37	 526
-2	-416	 814
 187	-66	-384
 9	 453	 525
-5	-113	 824
 322	-89	 312
-284	-96	 578
-71	-166	-513
 51	 362	 232
 90	-52	 639
 7	-10	 244
 206	-269	 224
 463	 35	 505
-2	-413	 822
 191	-70	-370
 8	 458	 540
 3	-127	 822
 320	-100	 305
-301	-102	 551
-70	-162	-508
 52	 364	 236
 92	-49	 645
 2	-2	 226
 207	-269	 225
 434	 34	 523
-4	-417	 812
 200	-62	-350
-4	 454	 541
 0	-125	 806
 328	-101	 309
-291	-104	 538
-71	-168	-503
 53	 367	 251
 90	-60	 642
 4	-9	 235
 218	-277	 234
 455	 37	 518
-1	-415	 804
 195	-70	-347
 8	 452	 534
 0	-106	 819
 310	-95	 304
-288	-98	 555
-70	-173	-506
 63	 362	 247
 83	-58	 653
 5	-6	 235
 215	-273	 213
 449	 29	 515
 13	-412	 813
 194	-72	-355
 0	 448	 543
 4	-113	 831
 336	-95	 304
-280	-110	 566
-74	-155	-520
 55	 360	 256
 93	-51	 633
 6	-6	 233
 217	-273	 219
 449	 33	 535
 1	-421	 811
 188	-70	-348
 6	 453	 540
-2	-112	 823
 320	-102	 302
-289	-90	 560
-66	-165	-493
 50	 362	 254
 104	-52	 646
 7	-9	 229
 206	-269	 219
 452	 31	 518
-4	-418	 794
 190	-64	-344
 4	 463	 530
-3	-120	 823
 334	-91	 310
-298	-103	 555
-67	-165	-496
 51	 364	 253
 78	-60	 632
 4	-4	 217
 206	-268	 226
 443	 38	 527
 5	-421	 814
 196	-71	-360
-6	 452	 523
-12	-114	 801
 325	-98	 307
-295	-102	 555
-71	-176	-503
 56	 374	 238
 94	-67	 642
 11	 0	 224
 212	-261	 228
 445	 28	 525
-1	-413	 815
 186	-83	-359
 4	 450	 531
 3	-117	 829
 318	-101	 313
-283	-93	 550
-69	-164	-502
 52	 361	 257
 96	-61	 637
 15	-15	 227
 212	-277	 226
 450	 29	 536
 5	-408	 827
 208	-76	-367
-2	 455	 530
 0	-123	 819
 326	-90	 305
-295	-98	 559
-59	-169	-490
 53	 376	 243
 92	-59	 641
 18	-4	 225
 215	-267	 231
 455	 31	 534
 1	-416	 792
 187	-65	-373
-6	 447	 546
 7	-122	 815
 326	-102	 303
-287	-102	 558
-65	-174	-483
 51	 365	 233
 87	-57	 645
 5	-16	 237
 210	-266	 228
 447	 41	 522
-2	-413	 830
 196	-70	-360
-5	 452	 541
 3	-119	 803
 316	-91	 308
-286	-82	 566
-67	-165	-495
 46	 364	 246
 88	-55	 632
 9	-14	 237
 205	-272	 216
 457	 26	 543
 8	-421	 807
 189	-63	-356
-2	 449	 543
-4	-116	 815
 331	-102	 301
-281	-91	 560
-66	-182	-509
 60	 361	 245
 78	-63	 633
 3	-2	 234
 218	-267	 223
 448	 31	 528
 8	-415	 810
 196	-79	-373
-7	 461	 534
-5	-129	 794
 332	-104	 308
-281	-99	 555
-63	-170	-497
 48	 364	 249
 83	-52	 645
 11	-15	 246
 217	-262	 210
 460	 26	 503
 11	-414	 808
 190	-73	-364
 1	 458	 544
-4	-115	 816
 334	-103	 309
-292	-93	 552
-80	-176	-503
 68	 362	 252
 84	-51	 633
 0	 0	 230
 207	-273	 220
 448	 32	 497
 1	-418	 802
 200	-66	-356
-1	 459	 533
-7	-114	 824
 314	-94	 309
-286	-105	 553
-68	-158	-493
 55	 363	 237
 97	-52	 665
 17	-20	 233
 204	-266	 217
 445	 37	 516
 1	-401	 823
 190	-71	-360
-8	 450	 529
 4	-114	 807
 326	-99	 298
-293	-105	 545
-69	-164	-512
 46	 364	 254
 90	-59	 642
 4	-5	 236
 211	-278	 221
 446	 36	 519
 0	-410	 812
 188	-60	-342
 0	 455	 524
 6	-113	 813
 322	-96	 301
-291	-98	 564
-70	-173	-497
 46	 363	 235
 80	-59	 630
 7	-14	 227
 214	-268	 226
 447	 31	 509
 5	-414	 807
 189	-73	-346
-5	 454	 530
-13	-111	 812
 327	-97	 301
-295	-96	 551
-72	-160	-500
 50	 354	 241
 82	-57	 654
 16	-17	 236
 222	-268	 219
 452	 31	 505
 3	-413	 824
 187	-65	-362
 1	 464	 556
 2	-126	 817
 331	-95	 312
-286	-97	 549
-61	-169	-501
 48	 360	 239
 94	-53	 637
 9	-12	 234
 214	-281	 217
 445	 40	 512
 8	-412	 807
 199	-74	-357
-8	 454	 535
-3	-118	 806
 327	-92	 304
-287	-100	 548
-62	-172	-498
 44	 365	 256
 85	-64	 623
 6	-11	 240
 223	-265	 223
 440	 38	 523
 5	-409	 804
 193	-79	-345
