X	Y	Z
-30	 488	 484
 10	-96	 772
-63	-159	 331
 53	-148	 545
-87	-189	-569
 56	 360	 196
 72	-43	 614
 4	 6	 218
 198	-248	 194
 451	 79	 501
-8	-371	 802
 195	-33	-384
-23	 482	 485
 3	-104	 762
-55	-174	 320
 56	-139	 548
-84	-178	-549
 54	 352	 196
 73	-45	 617
 6	 1	 211
 209	-229	 196
 449	 61	 492
 7	-377	 759
 197	-39	-388
-31	 476	 484
 7	-95	 777
-55	-156	 321
 56	-146	 551
-92	-177	-542
 53	 346	 203
 86	-37	 628
 5	 1	 216
 211	-241	 197
 442	 63	 483
-8	-370	 796
 190	-30	-395
-29	 482	 484
 1	-85	 770
-52	-152	 314
 57	-148	 555
-89	-175	-540
 64	 341	 195
 77	-53	 624
 2	-7	 224
 215	-240	 200
 444	 59	 506
 0	-364	 774
 189	-30	-409
-38	 482	 473
 2	-95	 770
-56	-166	 319
 52	-143	 554
-84	-185	-529
 51	 353	 212
 69	-45	 606
-3	 18	 211
 210	-239	 192
 451	 53	 485
-11	-369	 778
 188	-29	-381
-34	 478	 468
 9	-95	 778
-49	-160	 326
 58	-151	 549
-86	-184	-533
 63	 352	 206
 82	-36	 603
 1	 0	 205
 205	-242	 168
 443	 65	 489
-6	-375	 779
 183	-32	-378
-29	 470	 493
 12	-107	 764
-56	-159	 315
 62	-142	 545
-98	-174	-538
 62	 355	 199
 77	-40	 637
 10	 0	 222
 209	-243	 186
 452	 68	 513
-8	-369	 787
 187	-34	-391
-34	 484	 502
 0	-89	 754
-53	-171	 317
 49	-138	 541
-83	-175	-535
 57	 359	 208
 78	-42	 617
 4	 2	 219
 203	-239	 190
 441	 62	 498
 2	-375	 774
 184	-32	-370
-28	 488	 493
 10	-93	 766
-58	-160	 318
 55	-143	 558
-94	-177	-544
 58	 350	 201
 87	-31	 629
 13	 4	 214
 208	-245	 192
 445	 68	 489
-15	-376	 787
 189	-23	-395
-37	 482	 489
 9	-100	 750
-64	-167	 328
 56	-149	 555
-93	-190	-533
 52	 357	 205
 79	-44	 600
 6	-3	 217
 195	-233	 195
 457	 58	 492
 0	-375	 777
 181	-28	-377
-37	 478	 493
 8	-112	 759
-55	-163	 312
 53	-141	 547
-87	-197	-559
 49	 357	 205
 80	-54	 637
 1	 0	 211
 207	-241	 191
 444	 69	 489
 1	-379	 779
 188	-31	-391
-34	 481	 484
 9	-102	 761
-48	-151	 314
 57	-153	 551
-89	-187	-525
 58	 348	 205
 77	-35	 611
 5	-4	 214
 203	-240	 206
 443	 62	 504
-17	-380	 769
 182	-20	-377
-37	 482	 473
 2	-93	 776
-61	-163	 315
 46	-142	 563
-83	-180	-539
 61	 357	 208
 85	-31	 608
 14	 4	 215
 214	-241	 184
 451	 64	 495
-13	-374	 775
 189	-32	-386
-30	 480	 485
 4	-98	 763
-43	-172	 319
 58	-149	 555
-86	-185	-564
 54	 356	 215
 83	-35	 612
 11	 0	 222
 212	-246	 184
 446	 61	 496
-8	-381	 788
 199	-19	-376
-40	 474	 475
 7	-100	 773
-58	-162	 322
 48	-139	 548
-92	-181	-528
 59	 354	 210
 80	-41	 596
 9	 4	 208
 212	-247	 195
 443	 71	 497
-7	-370	 769
 188	-32	-384
-40	 484	 464
 8	-92	 777
-51	-170	 321
 56	-140	 545
-93	-180	-543
 57	 357	 201
 81	-40	 618
 5	 6	 200
 202	-248	 191
 457	 64	 496
-5	-377	 769
 186	-30	-390
-32	 469	 493
 0	-94	 757
-63	-152	 317
 51	-153	 566
-96	-177	-546
 64	 358	 191
 76	-32	 621
 0	 3	 209
 199	-240	 190
 449	 53	 506
-4	-373	 781
 187	-30	-378
-36	 481	 483
-5	-99	 758
-57	-158	 320
 43	-136	 540
-85	-182	-548
 57	 357	 209
 86	-45	 622
 7	 1	 201
 203	-241	 196
 452	 56	 492
-10	-379	 784
 192	-28	-389
-37	 480	 475
 17	-93	 777
-55	-164	 316
 55	-143	 536
-91	-172	-539
 62	 345	 214
 77	-32	 603
 1	 10	 217
 203	-243	 191
 447	 65	 504
-13	-376	 786
 188	-39	-385
-29	 487	 492
 11	-96	 797
-56	-145	 320
 49	-147	 553
-93	-174	-545
 56	 354	 193
 75	-43	 601
 9	 3	 206
 207	-249	 182
 439	 56	 500
-10	-380	 785
 189	-22	-372
-38	 468	 493
 9	-98	 785
-50	-156	 312
 52	-142	 544
-84	-184	-548
 57	 350	 206
 73	-44	 600
 8	 0	 208
 208	-234	 199
 452	 71	 486
-9	-376	 790
 181	-29	-399
-28	 471	 495
 2	-85	 774
-45	-159	 322
 61	-152	 559
-85	-184	-563
 51	 350	 205
 84	-29	 612
 6	-6	 202
 200	-245	 205
 449	 64	 502
-8	-367	 781
 192	-30	-395
-30	 477	 489
 11	-87	 779
-47	-156	 326
 47	-133	 560
-89	-178	-553
 50	 353	 209
 75	-45	 612
 9	 4	 196
 214	-241	 185
 450	 64	 497
-3	-371	 780
 203	-34	-391
-28	 487	 466
 9	-94	 779
-53	-152	 314
 49	-151	 534
-81	-173	-561
 65	 352	 215
 83	-46	 610
 6	 7	 205
 206	-247	 187
 447	 61	 487
-7	-376	 773
 187	-35	-382
-28	 481	 468
 17	-87	 778
-46	-149	 314
 67	-138	 549
-94	-173	-553
 61	 346	 215
 69	-37	 609
 11	 14	 204
 205	-236	 203
 449	 62	 503
-6	-378	 798
 181	-37	-412
-26	 480	 487
 19	-100	 772
-60	-157	 312
 51	-143	 523
-99	-188	-552
 56	 355	 206
 79	-44	 614
 7	 6	 196
 202	-246	 202
 451	 66	 507
-5	-374	 782
 194	-30	-378
-34	 492	 484
 6	-98	 791
-59	-165	 318
 53	-148	 541
-97	-185	-529
 59	 355	 214
 84	-47	 597
 3	-2	 212
 211	-255	 211
 446	 65	 503
-14	-374	 782
 186	-26	-396
-28	 481	 485
 10	-87	 769
-49	-155	 309
 44	-143	 542
-86	-171	-546
 55	 351	 187
 72	-36	 614
-2	 0	 224
 195	-242	 185
 451	 61	 503
-8	-368	 775
 190	-37	-365
-43	 476	 481
-3	-95	 783
-57	-165	 317
 55	-137	 545
-90	-180	-534
 60	 344	 204
 68	-25	 611
 15	-1	 200
 208	-245	 190
 443	 66	 508
-1	-371	 793
 178	-20	-389
-32	 478	 472
 11	-95	 764
-41	-155	 323
 53	-144	 539
-103	-176	-531
 57	 349	 198
 83	-50	 614
 8	-5	 214
 208	-235	 188
 448	 62	 499
-6	-378	 774
 184	-30	-375
-29	 495	 485
 9	-99	 758
-53	-159	 331
 54	-145	 551
-97	-185	-545
 52	 351	 202
 78	-42	 609
 10	 10	 191
 203	-241	 202
 450	 56	 491
-9	-374	 786
 190	-28	-398
-28	 482	 496
 5	-90	 772
-46	-147	 302
 55	-138	 556
-98	-184	-544
 57	 345	 197
 83	-44	 610
-1	 12	 209
 204	-247	 212
 450	 66	 496
-5	-366	 778
 190	-27	-381
-29	 479	 473
 8	-96	 786
-65	-170	 308
 61	-142	 553
-86	-181	-560
 59	 341	 203
 66	-52	 624
 12	-4	 217
 197	-249	 202
 454	 70	 515
-13	-375	 770
 183	-33	-402
-36	 478	 492
 13	-95	 773
-58	-156	 326
 56	-140	 548
-91	-183	-539
 51	 357	 192
 77	-36	 610
 10	-2	 197
 203	-244	 202
 449	 75	 504
-9	-373	 790
 184	-34	-386
-33	 484	 470
 5	-95	 752
-60	-157	 309
 40	-142	 550
-99	-185	-549
 61	 345	 202
 76	-43	 596
 10	 9	 201
 208	-242	 197
 457	 59	 508
-13	-378	 766
 176	-39	-363
-35	 487	 479
 7	-85	 769
-56	-137	 307
 61	-142	 563
-85	-184	-540
 59	 344	 192
 80	-45	 630
-2	 7	 214
 213	-236	 190
 453	 60	 476
-7	-379	 773
 184	-34	-407
-24	 478	 483
 14	-83	 789
-49	-157	 313
 50	-135	 546
-88	-187	-520
 65	 353	 204
 85	-38	 597
 1	-4	 201
 207	-234	 186
 435	 67	 477
-1	-379	 783
 183	-36	-391
-30	 487	 487
 3	-94	 757
-47	-151	 313
 56	-157	 550
-92	-187	-538
 61	 355	 195
 79	-44	 602
 0	 10	 200
 202	-251	 190
 449	 65	 504
-17	-374	 798
 194	-28	-373
-34	 475	 496
 3	-109	 760
-49	-157	 318
 52	-137	 538
-91	-185	-543
 50	 346	 209
 78	-42	 612
-1	 9	 212
 200	-242	 187
 443	 57	 500
-2	-368	 791
 183	-37	-374
-35	 484	 486
 4	-92	 769
-54	-166	 310
 52	-145	 538
-81	-184	-507
 52	 359	 198
 89	-42	 626
 2	 2	 209
 209	-240	 196
 454	 73	 504
-1	-374	 782
 184	-29	-388
-41	 477	 475
 14	-95	 781
-57	-167	 311
 60	-146	 559
-93	-182	-549
 52	 341	 211
 83	-50	 612
 27	 9	 208
 211	-233	 198
 438	 60	 493
-10	-380	 783
 190	-26	-394
-33	 476	 475
-8	-85	 772
-58	-157	 306
 54	-143	 563
-83	-178	-544
 67	 356	 201
 76	-32	 620
 9	 3	 209
 202	-234	 198
 445	 67	 493
-3	-387	 793
 184	-28	-383
-30	 465	 476
 6	-97	 781
-46	-163	 312
 65	-142	 552
-88	-175	-540
 60	 357	 193
 83	-48	 612
-1	 11	 194
 206	-238	 187
 444	 64	 497
-3	-379	 767
 186	-26	-373
-38	 481	 476
 12	-86	 767
-62	-156	 308
 50	-145	 523
-96	-180	-538
 56	 351	 213
 80	-40	 617
 9	 2	 206
 192	-231	 207
 447	 69	 495
-5	-363	 782
 183	-36	-394
-21	 489	 492
 8	-90	 780
-56	-161	 328
 49	-143	 539
-87	-175	-548
 60	 352	 210
 66	-38	 604
 0	-4	 198
 205	-242	 189
 453	 59	 485
-8	-360	 776
 184	-27	-380
-31	 481	 498
-1	-97	 774
-46	-162	 297
 55	-142	 545
-82	-183	-537
 62	 354	 209
 82	-37	 615
 3	 14	 219
 198	-236	 205
 456	 62	 490
-12	-369	 794
 194	-28	-400
-32	 490	 493
 10	-98	 774
-46	-158	 320
 52	-148	 523
-100	-184	-553
 62	 364	 192
 71	-34	 624
 6	-4	 221
 203	-237	 189
 444	 66	 499
-3	-368	 771
 188	-32	-396
-34	 488	 491
 17	-100	 760
-49	-159	 323
 58	-141	 557
-99	-181	-522
 48	 345	 208
 83	-42	 622
 4	 3	 213
 199	-244	 205
 446	 70	 487
-3	-369	 784
 188	-32	-384
-39	 474	 494
 0	-95	 760
-55	-162	 324
 55	-133	 544
-95	-184	-538
 68	 356	 210
 86	-44	 619
 15	 8	 214
 214	-242	 185
 452	 75	 490
-7	-370	 793
 197	-34	-366
-35	 480	 494
 1	-89	 789
-55	-163	 314
 57	-144	 548
-94	-177	-551
 68	 348	 210
 75	-41	 603
 1	 3	 210
 205	-238	 184
 455	 67	 495
-5	-376	 777
 197	-31	-401
-38	 470	 482
-2	-102	 772
-56	-162	 302
 60	-144	 565
-89	-185	-543
 65	 353	 201
 71	-35	 636
 10	 11	 195
 203	-253	 185
 439	 71	 497
-3	-377	 788
 172	-32	-396
-19	 482	 478
-7	-89	 764
-54	-163	 314
 52	-142	 540
-91	-190	-525
 59	 346	 206
 80	-37	 609
 13	-7	 218
 201	-244	 207
 443	 63	 493
-12	-365	 764
 198	-38	-388
-30	 475	 488
 15	-85	 765
-51	-150	 306
 60	-137	 566
-94	-183	-545
 66	 350	 208
 69	-32	 604
 2	-4	 206
 203	-238	 178
 447	 63	 495
-3	-373	 790
 195	-26	-396
-43	 489	 479
 0	-94	 767
-45	-166	 308
 55	-148	 548
-86	-181	-566
 46	 355	 195
 81	-48	 622
 7	 0	 214
 207	-235	 188
 444	 58	 495
 6	-381	 757
 195	-36	-391
-40	 473	 501
 0	-106	 742
-54	-155	 324
 63	-140	 534
-98	-177	-550
 54	 359	 204
 82	-43	 609
 5	 7	 205
 216	-239	 187
 452	 59	 482
-14	-380	 790
 189	-34	-403
-42	 482	 490
 9	-97	 769
-54	-153	 321
 54	-141	 545
-85	-193	-554
 51	 353	 220
 69	-38	 629
 1	 8	 229
 198	-242	 183
 445	 43	 495
-13	-371	 795
 181	-27	-374
-32	 484	 483
 3	-92	 756
-63	-154	 318
 64	-146	 556
-91	-182	-540
 66	 346	 196
 72	-39	 622
 8	 3	 214
 199	-233	 194
 453	 55	 489
-12	-379	 775
 181	-34	-382
-33	 487	 488
 20	-88	 779
-59	-169	 312
 47	-135	 549
-85	-177	-544
 47	 353	 204
 69	-33	 602
 7	-9	 211
 200	-241	 193
 455	 58	 493
 6	-380	 787
 190	-34	-377
-36	 474	 491
 6	-100	 767
-54	-149	 301
 49	-141	 550
-87	-183	-553
 47	 350	 205
 81	-36	 605
 4	-4	 211
 203	-252	 212
 452	 63	 485
-3	-373	 779
 187	-25	-390
-27	 486	 497
 4	-88	 760
-45	-161	 327
 51	-133	 559
-87	-186	-529
 54	 350	 197
 72	-47	 621
 2	-1	 206
 203	-243	 208
 443	 65	 505
-8	-374	 783
 186	-29	-383
-35	 490	 462
 11	-81	 776
-56	-152	 334
 52	-139	 540
-95	-181	-541
 57	 350	 217
 81	-44	 625
 9	 4	 199
 205	-240	 189
 452	 49	 493
 0	-379	 767
 190	-32	-396
-37	 481	 471
 0	-95	 762
-48	-163	 314
 66	-140	 545
-93	-181	-549
 51	 344	 214
 79	-44	 613
 14	 12	 207
 210	-239	 196
 448	 58	 508
-14	-377	 779
 189	-33	-395
-37	 492	 484
 8	-97	 773
-52	-169	 314
 51	-137	 541
-90	-172	-539
 66	 360	 203
 74	-37	 618
 6	 7	 187
 209	-234	 180
 436	 67	 493
-10	-363	 781
 188	-39	-404
-33	 476	 508
 15	-104	 762
-57	-153	 318
 54	-128	 551
-94	-178	-543
 71	 352	 216
 68	-33	 625
 0	 11	 195
 206	-230	 204
 446	 66	 488
-12	-377	 794
 184	-29	-391
-43	 478	 484
 12	-94	 772
-57	-155	 312
 56	-140	 555
-92	-181	-554
 54	 355	 219
 75	-39	 606
 14	 4	 216
 211	-252	 185
 451	 72	 504
-10	-374	 774
 184	-28	-403
-28	 482	 470
 5	-92	 754
-56	-163	 311
 55	-135	 562
-87	-182	-550
 59	 352	 199
 80	-38	 626
 3	 6	 209
 208	-251	 200
 446	 52	 497
 1	-372	 782
 183	-23	-412
-33	 469	 494
 13	-88	 785
-59	-159	 323
 53	-145	 548
-96	-187	-554
 62	 342	 191
 71	-36	 610
 7	 4	 230
 207	-251	 190
 441	 61	 496
-12	-374	 769
 190	-26	-385
-36	 483	 475
 9	-91	 766
-53	-146	 321
 55	-145	 540
-76	-174	-549
 61	 353	 216
 85	-43	 609
-2	 11	 211
 214	-232	 183
 448	 62	 488
-14	-381	 781
 186	-30	-392
-33	 480	 487
-3	-92	 787
-44	-159	 328
 56	-141	 540
-90	-179	-535
 52	 347	 214
 74	-37	 610
 2	-1	 211
 205	-242	 179
 449	 52	 505
-7	-377	 788
 189	-27	-390
-29	 474	 492
 6	-97	 787
-54	-161	 321
 52	-144	 554
-93	-183	-540
 57	 349	 208
 78	-35	 620
 14	 1	 211
 208	-238	 174
 442	 65	 504
-3	-370	 778
 188	-41	-378
-33	 474	 471
 8	-97	 773
-54	-152	 315
 61	-142	 550
-93	-191	-551
 64	 355	 204
 75	-43	 621
-2	-6	 206
 208	-233	 205
 452	 69	 493
-6	-360	 775
 186	-33	-373
-34	 484	 483
 11	-96	 773
-53	-154	 318
 51	-136	 553
-93	-185	-524
 56	 354	 207
 82	-39	 617
 4	 3	 214
 203	-239	 204
 445	 66	 503
-9	-366	 766
 193	-28	-372
-37	 484	 495
 7	-102	 777
-61	-155	 314
 65	-140	 544
-91	-186	-541
 52	 348	 211
 69	-44	 606
 7	 8	 212
 213	-240	 199
 445	 68	 490
-2	-373	 791
 185	-42	-394
-28	 484	 493
-1	-91	 764
-50	-155	 316
 48	-135	 540
-98	-186	-545
 56	 359	 206
 88	-46	 618
 7	 0	 210
 215	-238	 186
 452	 66	 489
-9	-379	 783
 191	-35	-380
-28	 490	 463
 12	-85	 757
-51	-156	 313
 60	-130	 547
-96	-181	-543
 55	 355	 202
 72	-34	 628
 7	 7	 211
 208	-237	 207
 454	 69	 495
-5	-375	 798
 189	-38	-377
-30	 475	 486
 0	-94	 763
-55	-149	 321
 56	-143	 554
-82	-188	-546
 62	 347	 216
 77	-34	 605
 6	 6	 216
 219	-245	 199
 449	 64	 499
-12	-377	 771
 183	-28	-380
-26	 485	 499
 9	-93	 756
-46	-159	 323
 55	-143	 550
-80	-181	-533
 52	 350	 188
 77	-53	 600
 18	 9	 220
 204	-246	 207
 445	 71	 512
-9	-373	 776
 199	-39	-402
-32	 481	 488
 9	-84	 769
-55	-149	 327
 50	-144	 555
-92	-185	-544
 68	 349	 187
 81	-37	 621
 7	 2	 210
 214	-239	 193
 453	 69	 519
-14	-371	 791
 192	-29	-400
-33	 475	 495
 4	-84	 767
-52	-155	 323
 49	-134	 539
-93	-182	-541
 47	 345	 218
 79	-43	 597
 0	 5	 208
 201	-234	 191
 446	 61	 496
-6	-375	 771
 183	-38	-386
-33	 476	 485
 6	-96	 753
-50	-167	 308
 55	-135	 529
-91	-171	-540
 47	 338	 194
 80	-40	 596
 8	-5	 200
 204	-242	 197
 448	 61	 499
-10	-367	 789
 193	-25	-400
-37	 488	 492
 11	-101	 769
-53	-167	 303
 33	-141	 546
-85	-186	-541
 67	 345	 217
 85	-40	 621
 7	-1	 216
 201	-247	 197
 455	 56	 505
 4	-362	 775
 189	-35	-394
-42	 484	 505
 3	-92	 768
-52	-156	 311
 58	-143	 529
-93	-181	-545
 62	 352	 204
 77	-45	 618
 3	-11	 231
 212	-236	 200
 455	 57	 508
-5	-384	 779
 186	-36	-399
-32	 477	 503
 9	-105	 776
-50	-167	 320
 45	-157	 557
-81	-182	-545
 49	 348	 196
 80	-49	 624
 5	 6	 210
 205	-244	 198
 446	 72	 511
-5	-376	 787
 186	-25	-388
-30	 479	 489
 13	-93	 780
-55	-159	 321
 47	-148	 555
-84	-182	-540
 56	 346	 194
 79	-56	 605
 12	 5	 222
 204	-247	 175
 453	 65	 493
-16	-378	 793
 192	-30	-396
-39	 484	 488
 4	-96	 764
-40	-165	 343
 60	-148	 564
-88	-177	-533
 47	 352	 209
 75	-31	 591
 5	 12	 189
 202	-249	 195
 455	 56	 503
-2	-368	 779
 188	-28	-392
-30	 486	 492
 13	-100	 775
-55	-169	 327
 57	-145	 535
-91	-180	-540
 56	 347	 206
 90	-51	 613
 1	 0	 195
 211	-239	 206
 449	 71	 499
 1	-375	 764
 181	-28	-374
-32	 481	 478
 11	-93	 765
-47	-155	 301
 52	-140	 558
-88	-192	-535
 62	 356	 201
 74	-44	 617
 7	-2	 221
 208	-239	 196
 452	 64	 486
-9	-373	 790
 188	-26	-391
-33	 469	 478
 6	-97	 768
-60	-149	 328
 53	-144	 548
-84	-177	-532
 62	 362	 220
 80	-38	 606
 5	 4	 217
 212	-241	 200
 442	 65	 505
-17	-374	 781
 178	-22	-396
-34	 474	 472
 1	-93	 768
-55	-152	 310
 55	-152	 552
-95	-185	-516
 77	 358	 216
 83	-42	 621
 9	 3	 210
 207	-239	 205
 460	 63	 503
-10	-369	 772
 189	-27	-378
-40	 475	 473
 12	-97	 768
-52	-161	 313
 62	-149	 540
-99	-185	-540
 45	 354	 202
 76	-46	 621
 13	-3	 208
 203	-246	 188
 447	 66	 501
 0	-370	 769
 193	-30	-399
-37	 486	 493
 21	-94	 752
-58	-162	 319
 53	-148	 549
-94	-175	-552
 61	 356	 213
 83	-35	 610
 4	 0	 231
 209	-239	 198
 439	 63	 510
-3	-367	 779
 196	-37	-385
-31	 474	 484
 6	-89	 773
-51	-155	 304
 57	-141	 551
-89	-184	-540
 56	 368	 205
 88	-38	 632
 15	-6	 193
 199	-239	 190
 454	 61	 496
-4	-379	 772
 192	-17	-396
-32	 484	 488
 0	-90	 764
-58	-159	 316
 49	-144	 547
-74	-174	-552
 66	 353	 212
 72	-35	 600
 10	 6	 229
 202	-246	 174
 452	 63	 509
-3	-375	 775
 182	-34	-382
-40	 481	 492
 14	-96	 787
-58	-163	 339
 51	-156	 543
-98	-184	-546
 62	 358	 207
 79	-34	 623
 12	 1	 224
 208	-245	 207
 456	 64	 507
-14	-374	 773
 189	-30	-383
-30	 473	 461
 13	-84	 768
-60	-156	 321
 62	-145	 551
-98	-192	-538
 44	 355	 205
 87	-33	 611
 18	 4	 206
 195	-237	 183
 444	 61	 504
-18	-373	 772
 186	-33	-388
-28	 479	 495
 5	-99	 751
-56	-157	 319
 46	-147	 543
-89	-180	-520
 51	 349	 199
 83	-40	 620
 11	 7	 214
 210	-245	 181
 455	 66	 496
 1	-381	 788
 181	-33	-391
-32	 463	 486
 18	-93	 768
-51	-164	 312
 37	-143	 552
-93	-175	-538
 48	 347	 211
 66	-33	 613
 18	 6	 204
 200	-238	 197
 450	 68	 507
-2	-375	 771
 179	-37	-390
-36	 482	 485
 10	-104	 766
-53	-152	 308
 57	-135	 550
-95	-186	-561
 58	 352	 208
 77	-38	 610
-2	 6	 193
 211	-242	 186
 442	 58	 508
-10	-385	 772
 188	-24	-396
-28	 481	 473
 0	-99	 756
-58	-152	 314
 48	-145	 550
-81	-189	-535
 50	 357	 210
 73	-37	 609
 11	 5	 221
 198	-242	 196
 454	 63	 508
-12	-384	 766
 189	-38	-393
-28	 486	 498
 9	-99	 784
-52	-145	 313
 50	-138	 532
-89	-173	-532
 62	 358	 199
 75	-51	 634
 9	 0	 199
 217	-243	 194
 440	 66	 501
-17	-375	 786
 194	-28	-391
-39	 490	 485
 6	-93	 771
-41	-165	 317
 46	-147	 543
-101	-183	-538
 57	 345	 196
 81	-48	 605
 7	 7	 203
 209	-247	 192
 452	 63	 489
 1	-379	 770
 186	-34	-382
-28	 482	 497
 6	-82	 773
-70	-157	 325
 53	-139	 568
-90	-185	-543
 62	 351	 214
 71	-43	 597
 2	 0	 204
 207	-243	 202
 439	 65	 509
-16	-380	 791
 186	-21	-387
-22	 477	 478
 6	-95	 764
-52	-162	 322
 64	-145	 558
-87	-184	-553
 53	 356	 201
 72	-43	 617
-4	 7	 213
 201	-242	 197
 451	 61	 509
-6	-382	 779
 186	-29	-378
-46	 479	 498
 5	-91	 767
-54	-148	 322
 56	-141	 533
-102	-178	-531
 57	 351	 203
 79	-35	 619
 1	-4	 210
 215	-246	 205
 447	 68	 494
-18	-378	 778
 196	-34	-370
-31	 489	 488
 7	-90	 771
-61	-151	 304
 51	-137	 535
-82	-189	-530
 51	 361	 209
 76	-36	 627
 6	-11	 231
 213	-237	 200
 449	 64	 499
-24	-376	 782
 190	-24	-381
-20	 478	 515
 11	-84	 751
-52	-157	 307
 60	-141	 555
-91	-190	-520
 50	 348	 196
 77	-34	 618
 10	 1	 212
 203	-234	 200
 445	 65	 481
-18	-376	 779
 198	-36	-369
-34	 486	 471
 1	-98	 777
-52	-163	 319
 64	-140	 548
-97	-178	-536
 61	 344	 201
 78	-51	 621
-5	 5	 216
 208	-244	 194
 447	 64	 503
-6	-379	 789
 197	-37	-396
-38	 479	 495
 3	-104	 764
-49	-149	 308
 55	-142	 534
-83	-180	-543
 53	 359	 202
 82	-38	 607
 7	-3	 204
 214	-249	 195
 445	 58	 489
-14	-367	 773
 198	-29	-374
-28	 482	 471
 5	-90	 769
-56	-161	 304
 48	-144	 526
-90	-183	-553
 60	 349	 215
 78	-47	 609
 10	 4	 202
 208	-243	 184
 449	 58	 506
-14	-380	 767
 178	-26	-376
-33	 477	 489
 14	-92	 762
-63	-165	 314
 49	-139	 550
-84	-170	-546
 64	 353	 211
 77	-49	 608
-2	 9	 208
 212	-235	 193
 452	 67	 500
-3	-385	 781
 189	-32	-388
-34	 468	 501
 4	-89	 769
-60	-155	 316
 63	-149	 553
-76	-177	-537
 65	 355	 196
 84	-47	 590
 10	-3	 200
 213	-245	 191
 452	 65	 513
-12	-372	 785
 190	-28	-389
-43	 478	 490
 8	-95	 772
-52	-167	 313
 49	-145	 557
-89	-176	-539
 57	 354	 214
 84	-32	 621
 12	 5	 203
 213	-240	 184
 445	 62	 505
-6	-380	 782
 184	-31	-371
-16	 479	 483
 8	-95	 761
-59	-156	 319
 54	-134	 565
-90	-187	-531
 53	 357	 192
 78	-50	 612
 5	 2	 209
 205	-243	 198
 449	 58	 496
-3	-376	 796
 195	-28	-369
-28	 475	 481
 0	-100	 784
-43	-157	 312
 67	-148	 553
-85	-197	-546
 54	 354	 193
 81	-36	 610
 6	 4	 212
 206	-250	 199
 455	 64	 510
-8	-364	 801
 191	-30	-381
-23	 481	 482
 16	-95	 772
-48	-169	 311
 53	-151	 540
-96	-173	-534
 65	 349	 206
 79	-50	 602
-12	-4	 219
 208	-239	 206
 451	 58	 481
-14	-362	 781
 192	-20	-384
-29	 476	 470
 10	-95	 772
-57	-156	 313
 57	-143	 535
-76	-182	-539
 59	 350	 210
 75	-48	 601
 1	 17	 205
 207	-249	 184
 442	 67	 493
-15	-364	 779
 187	-38	-396
-38	 480	 472
 11	-98	 757
-59	-168	 323
 57	-142	 563
-93	-183	-551
 52	 350	 206
 72	-37	 627
 2	-3	 211
 200	-241	 206
 447	 61	 502
-10	-373	 776
 186	-32	-390
-32	 480	 496
 5	-94	 761
-53	-157	 313
 61	-134	 552
-94	-182	-540
 58	 350	 211
 80	-37	 612
 4	 3	 214
 208	-245	 181
 446	 55	 497
-6	-368	 779
 188	-30	-368
-30	 484	 484
-4	-100	 760
-50	-163	 329
 63	-143	 545
-83	-183	-540
 49	 351	 191
 74	-42	 605
 5	 19	 219
 208	-236	 208
 454	 58	 482
-9	-372	 782
 192	-22	-385
-21	 480	 482
 8	-91	 771
-53	-158	 291
 58	-146	 541
-88	-187	-544
 53	 349	 204
 70	-42	 615
 7	 0	 189
 205	-237	 196
 449	 61	 491
-4	-373	 786
 198	-28	-393
-28	 481	 488
 19	-91	 778
-61	-162	 316
 47	-139	 543
-83	-183	-560
 63	 352	 196
 78	-41	 625
 8	 0	 213
 202	-237	 189
 453	 58	 502
-4	-374	 768
 192	-33	-380
-27	 476	 482
 6	-107	 762
-46	-159	 320
 51	-148	 543
-97	-179	-545
 61	 356	 209
 82	-46	 605
 7	 0	 209
 209	-243	 216
 445	 64	 488
-8	-368	 772
 181	-32	-389
-41	 481	 465
 7	-95	 769
-41	-150	 323
 53	-145	 548
-82	-183	-538
 53	 350	 212
 76	-46	 604
 9	 0	 225
 199	-245	 189
 435	 58	 496
-7	-379	 764
 188	-30	-380
-30	 473	 508
 1	-96	 759
-46	-155	 326
 59	-134	 557
-83	-174	-541
 66	 346	 192
 78	-42	 611
-2	-7	 211
 209	-243	 187
 454	 66	 485
 0	-370	 801
 182	-26	-386
-34	 476	 486
 12	-87	 760
-67	-161	 331
 54	-147	 557
-87	-178	-549
 55	 351	 207
 70	-44	 605
 7	 0	 201
 199	-238	 195
 453	 67	 508
-12	-374	 784
 185	-27	-388
-26	 482	 493
 5	-85	 771
-49	-153	 325
 65	-148	 546
-89	-181	-562
 61	 345	 206
 82	-38	 617
 1	 5	 214
 208	-240	 198
 453	 56	 498
-11	-373	 801
 199	-27	-380
-35	 479	 490
 7	-99	 779
-60	-158	 304
 62	-148	 538
-94	-184	-541
 43	 346	 210
 79	-46	 617
 7	 7	 208
 209	-247	 185
 449	 60	 486
-2	-378	 783
 188	-28	-394
-32	 464	 478
 12	-86	 746
-47	-156	 329
 52	-142	 538
-77	-168	-558
 58	 350	 198
 83	-34	 608
 4	-3	 205
 207	-246	 207
 444	 68	 496
-8	-368	 795
 179	-35	-388
-43	 486	 480
 7	-92	 779
-50	-153	 310
 46	-139	 559
-91	-181	-515
 59	 351	 195
 76	-30	 622
 10	 5	 217
 204	-241	 187
 451	 74	 513
-10	-366	 779
 179	-25	-393
-38	 484	 485
 2	-99	 763
-62	-158	 311
 53	-139	 548
-97	-191	-546
 49	 350	 206
 81	-47	 619
 6	 7	 209
 207	-250	 199
 453	 61	 512
-7	-375	 787
 188	-32	-393
-27	 482	 481
 10	-90	 783
-47	-156	 309
 49	-148	 550
-80	-189	-552
 53	 355	 198
 83	-39	 619
 9	 1	 215
 215	-237	 194
 461	 68	 478
-11	-374	 789
 193	-33	-400
-30	 486	 490
 3	-94	 771
-52	-167	 326
 61	-142	 550
-73	-174	-552
 59	 355	 206
 87	-44	 623
 0	 2	 200
 212	-240	 192
 454	 64	 507
-5	-376	 796
 188	-25	-393
-34	 483	 483
 11	-94	 765
-55	-158	 314
 49	-145	 570
-93	-185	-544
 61	 353	 199
 75	-50	 622
 9	-3	 200
 209	-232	 207
 452	 68	 490
-10	-369	 798
 199	-24	-378
-34	 469	 505
-1	-92	 766
-49	-164	 309
 57	-151	 538
-94	-174	-545
 58	 348	 191
 75	-41	 613
 0	 7	 216
 206	-239	 192
 444	 72	 488
-6	-375	 781
 184	-25	-396
-34	 471	 471
 7	-91	 784
-52	-152	 330
 51	-148	 555
-89	-184	-538
 67	 344	 215
 74	-52	 621
 14	-5	 210
 209	-235	 201
 450	 66	 493
-10	-366	 793
 186	-25	-380
-42	 487	 490
 10	-104	 770
-56	-169	 312
 56	-147	 557
-91	-189	-536
 52	 356	 191
 79	-39	 607
 5	 10	 205
 203	-236	 204
 447	 60	 498
-2	-370	 794
 193	-34	-382
-29	 478	 510
 8	-93	 758
-52	-155	 299
 53	-140	 555
-86	-179	-528
 59	 359	 201
 70	-34	 627
 7	-12	 231
 204	-235	 214
 449	 62	 475
-9	-371	 776
 187	-33	-385
-32	 480	 505
 5	-98	 759
-56	-156	 306
 65	-139	 554
-92	-188	-532
 58	 354	 215
 78	-33	 612
 10	 1	 209
 205	-244	 191
 438	 64	 488
-5	-375	 770
 189	-28	-381
-31	 484	 478
 8	-107	 773
-49	-167	 317
 49	-146	 544
-103	-183	-547
 56	 348	 193
 85	-40	 636
 10	 4	 216
 215	-244	 192
 443	 72	 469
-7	-367	 795
 188	-27	-378
-34	 480	 482
 6	-97	 760
-43	-159	 323
 52	-142	 556
-88	-180	-545
 52	 348	 209
 74	-42	 618
 7	 1	 198
 213	-250	 201
 452	 67	 495
-10	-375	 767
 172	-29	-383
-29	 481	 485
 6	-84	 776
-57	-167	 312
 57	-143	 555
-86	-175	-536
 58	 360	 213
 88	-46	 608
 0	 6	 211
 208	-248	 199
 444	 74	 502
-12	-368	 768
 192	-30	-393
-37	 477	 482
 11	-96	 776
-53	-157	 323
 62	-137	 552
-91	-178	-546
 57	 351	 224
 72	-41	 635
 12	 0	 222
 209	-234	 199
 448	 64	 510
-3	-373	 769
 184	-29	-413
-31	 482	 478
 0	-100	 763
-57	-157	 326
 60	-134	 547
-92	-185	-535
 63	 343	 207
 78	-47	 613
 4	 12	 217
 209	-249	 196
 456	 60	 501
-5	-370	 779
 181	-25	-401
-37	 473	 487
 7	-99	 767
-55	-158	 309
 57	-146	 546
-97	-182	-548
 61	 355	 211
 82	-52	 597
 0	-2	 207
 206	-245	 210
 448	 71	 495
-17	-385	 779
 189	-23	-396
-38	 486	 498
 1	-88	 752
-50	-159	 329
 56	-144	 555
-89	-187	-530
 53	 351	 210
 74	-43	 617
 4	 9	 207
 215	-238	 201
 436	 64	 487
-6	-377	 768
 187	-34	-380
-24	 485	 470
 4	-89	 764
-48	-164	 304
 46	-143	 538
-94	-185	-525
 54	 352	 214
 80	-47	 621
 2	 10	 219
 212	-238	 206
 438	 69	 490
-7	-376	 772
 181	-26	-384
-24	 489	 492
 3	-87	 765
-58	-162	 318
 61	-142	 553
-102	-186	-548
 53	 357	 200
 80	-37	 592
-1	 8	 212
 205	-246	 182
 448	 71	 508
-9	-370	 773
 194	-30	-380
-30	 485	 486
 3	-102	 759
-57	-148	 308
 62	-144	 558
-85	-180	-543
 62	 355	 200
 77	-42	 618
 3	 4	 223
 204	-244	 191
 450	 51	 499
-5	-385	 782
 197	-32	-386
-48	 476	 480
 5	-92	 769
-64	-163	 313
 52	-141	 553
-90	-185	-559
 54	 362	 207
 79	-37	 612
 6	-1	 207
 198	-244	 204
 447	 61	 493
-6	-382	 777
 178	-27	-379
-33	 490	 470
 0	-92	 753
-59	-163	 321
 47	-145	 527
-88	-181	-546
 59	 349	 200
 77	-40	 613
 3	-9	 198
 197	-239	 189
 454	 60	 509
-5	-366	 787
 186	-27	-394
-28	 482	 479
 9	-105	 773
-50	-169	 324
 57	-146	 562
-85	-177	-544
 51	 351	 225
 71	-43	 616
 12	-2	 212
 208	-247	 214
 443	 71	 492
-7	-375	 755
 183	-25	-389
-30	 475	 476
 10	-96	 756
-47	-158	 315
 57	-136	 559
-89	-187	-532
 59	 352	 217
 85	-48	 618
 7	 3	 228
 206	-240	 172
 453	 66	 498
-1	-380	 771
 186	-37	-366
-26	 475	 481
 1	-97	 764
-60	-159	 309
 56	-148	 548
-93	-178	-552
 59	 350	 219
 75	-42	 608
 1	 8	 222
 218	-238	 190
 451	 64	 500
-4	-378	 794
 189	-37	-381
-36	 471	 490
 11	-89	 761
-57	-159	 335
 50	-142	 549
-91	-176	-541
 50	 354	 199
 60	-31	 602
 3	 17	 197
 203	-234	 178
 446	 72	 491
-9	-379	 780
 191	-32	-392
-30	 484	 485
 12	-99	 762
-59	-156	 315
 61	-139	 536
-92	-175	-520
 59	 347	 210
 74	-37	 610
 3	 6	 209
 213	-245	 214
 453	 68	 500
-9	-377	 784
 190	-28	-381
-24	 475	 489
 8	-94	 770
-62	-171	 317
 65	-140	 536
-94	-184	-550
 61	 345	 210
 77	-40	 613
 9	 2	 214
 202	-246	 194
 449	 67	 503
-4	-368	 780
 191	-34	-389
-33	 475	 496
 13	-96	 753
-58	-164	 319
 62	-146	 562
-86	-175	-548
 55	 353	 184
 83	-54	 616
-1	-1	 221
 194	-243	 200
 455	 56	 489
-5	-372	 793
 191	-30	-396
-33	 478	 471
 5	-97	 762
-50	-153	 327
 68	-143	 543
-89	-182	-537
 59	 350	 207
 76	-46	 604
 14	-7	 214
 212	-236	 196
 447	 70	 487
-5	-380	 771
 190	-29	-386
-34	 478	 481
 15	-89	 772
-67	-157	 317
 54	-139	 552
-90	-184	-551
 51	 349	 207
 79	-45	 617
-2	-1	 215
 215	-244	 201
 457	 65	 496
-6	-372	 778
 179	-28	-387
-33	 485	 494
-2	-94	 754
-52	-160	 315
 55	-141	 563
-94	-182	-537
 60	 353	 199
 70	-35	 605
 20	 10	 208
 209	-241	 184
 448	 68	 496
 0	-376	 776
 186	-32	-399
-36	 467	 490
 0	-92	 764
-39	-171	 295
 47	-150	 544
-97	-171	-537
 61	 344	 199
 69	-41	 603
 15	 3	 223
 206	-241	 182
 447	 56	 501
-6	-370	 778
 185	-39	-407
-31	 479	 476
 0	-89	 786
-59	-154	 327
 50	-136	 559
-90	-174	-541
 56	 350	 214
 79	-37	 604
 11	-3	 226
 210	-238	 198
 453	 61	 497
-14	-373	 779
 196	-29	-398
-38	 479	 495
 6	-90	 749
-50	-163	 329
 62	-148	 531
-94	-175	-540
 67	 349	 193
 79	-38	 616
 10	 3	 207
 206	-245	 187
 448	 66	 475
 10	-371	 780
 190	-30	-383
-25	 490	 482
 10	-89	 776
-44	-150	 324
 54	-139	 547
-84	-185	-548
 62	 353	 215
 66	-53	 612
 2	 15	 198
 204	-246	 196
 457	 63	 499
-7	-363	 775
 203	-32	-384
-34	 481	 496
 5	-97	 767
-61	-159	 308
 65	-145	 549
-75	-175	-554
 51	 355	 207
 74	-29	 606
 11	-5	 196
 206	-241	 209
 450	 62	 497
-5	-375	 776
 193	-23	-387
-28	 466	 506
 4	-85	 765
-56	-149	 334
 50	-133	 548
-83	-190	-530
 64	 353	 197
 78	-42	 620
 3	-12	 241
 213	-244	 187
 440	 64	 490
-5	-371	 778
 190	-40	-384
-36	 481	 473
 10	-103	 778
-51	-160	 308
 56	-148	 551
-84	-184	-530
 58	 353	 211
 71	-40	 620
 2	 11	 193
 202	-245	 183
 447	 61	 490
-5	-363	 779
 192	-30	-403
-39	 479	 489
 4	-102	 778
-52	-159	 313
 60	-153	 543
-86	-179	-545
 54	 346	 207
 63	-36	 651
 4	 7	 208
 215	-247	 207
 455	 65	 486
-8	-363	 754
 188	-32	-356
-40	 468	 480
 7	-97	 756
-47	-165	 294
 52	-136	 545
-94	-182	-555
 61	 354	 215
 80	-42	 630
 15	 11	 203
 198	-249	 191
 450	 68	 504
-2	-374	 759
 195	-27	-370
-37	 481	 475
 6	-94	 766
-42	-159	 318
 67	-147	 565
-96	-174	-544
 61	 356	 194
 74	-31	 614
 10	 4	 218
 206	-245	 205
 452	 68	 489
-12	-370	 787
 186	-33	-378
-25	 478	 472
-1	-91	 765
-48	-164	 296
 62	-155	 530
-89	-181	-550
 48	 341	 219
 72	-46	 605
 3	 7	 214
 203	-236	 190
 447	 71	 497
-5	-365	 778
 186	-33	-374
-33	 474	 498
 17	-97	 767
-53	-168	 321
 53	-142	 541
-91	-187	-537
 42	 352	 195
 73	-38	 604
 12	-3	 216
 202	-244	 188
 445	 62	 513
-14	-372	 782
 192	-23	-380
-30	 481	 474
 2	-97	 790
-47	-159	 326
 61	-138	 529
-86	-185	-529
 64	 348	 213
 74	-44	 619
 4	-4	 226
 208	-254	 185
 445	 59	 490
-4	-379	 763
 200	-28	-375
-34	 473	 490
 11	-98	 772
-51	-153	 320
 52	-136	 548
-89	-177	-535
 54	 353	 212
 79	-40	 604
 14	-1	 234
 205	-243	 199
 451	 62	 491
-6	-375	 778
 194	-24	-399
-33	 475	 483
 4	-98	 775
-59	-154	 313
 56	-137	 532
-90	-179	-538
 57	 341	 221
 79	-36	 603
 8	 9	 211
 201	-232	 201
 457	 65	 502
-7	-378	 782
 178	-23	-388
-24	 481	 483
-2	-94	 760
-68	-163	 316
 62	-145	 540
-100	-182	-559
 56	 353	 206
 70	-39	 601
 7	 6	 208
 206	-233	 190
 449	 68	 506
-11	-369	 773
 184	-31	-377
-33	 477	 484
 9	-95	 766
-57	-154	 319
 60	-152	 551
-91	-184	-542
 62	 355	 198
 83	-43	 613
 3	 4	 226
 200	-243	 213
 449	 68	 490
-4	-370	 785
 190	-29	-378
-33	 490	 476
 5	-92	 771
-56	-155	 310
 60	-136	 542
-92	-191	-543
 68	 339	 223
 79	-45	 624
 12	 6	 219
 206	-250	 204
 455	 77	 511
-14	-368	 784
 185	-34	-389
-37	 476	 486
 12	-101	 781
-61	-160	 319
 55	-143	 538
-88	-177	-538
 54	 349	 207
 82	-40	 604
 0	 3	 213
 211	-237	 216
 443	 70	 492
-7	-368	 796
 192	-28	-375
-31	 484	 481
 3	-97	 770
-65	-155	 337
 45	-137	 545
-90	-174	-549
 61	 338	 192
 75	-36	 632
 7	 9	 222
 209	-249	 202
 446	 61	 497
-20	-369	 770
 189	-26	-394
-26	 478	 488
 9	-87	 777
-52	-157	 313
 53	-146	 554
-80	-188	-535
 45	 349	 201
 80	-39	 604
 3	 3	 204
 202	-234	 212
 457	 63	 508
-11	-364	 779
 185	-36	-385
-35	 476	 488
 12	-92	 737
-49	-162	 309
 52	-142	 553
-78	-180	-540
 59	 341	 191
 88	-37	 600
 7	 3	 211
 205	-238	 200
 455	 53	 496
 1	-375	 776
 182	-28	-391
-26	 468	 488
 8	-95	 780
-47	-154	 299
 59	-150	 553
-90	-179	-543
 68	 343	 199
 77	-42	 628
 4	-1	 213
 206	-236	 190
 452	 73	 498
-9	-381	 774
 191	-29	-373
-25	 473	 494
 3	-99	 773
-56	-157	 319
 55	-142	 545
-101	-186	-552
 57	 349	 215
 76	-40	 608
 0	 10	 201
 208	-246	 189
 451	 72	 508
-6	-390	 787
 190	-30	-399
-34	 476	 482
 2	-86	 779
-54	-154	 305
 49	-151	 553
-89	-180	-545
 52	 353	 210
 90	-39	 610
 0	 10	 219
 209	-243	 189
 445	 66	 505
-9	-369	 777
 190	-29	-400
-32	 477	 482
-4	-91	 778
-52	-150	 326
 54	-144	 527
-89	-187	-530
 53	 346	 191
 77	-45	 615
 3	-3	 208
 204	-247	 189
 453	 59	 513
-6	-370	 781
 184	-21	-383
-34	 487	 496
 18	-98	 768
-54	-165	 302
 56	-143	 534
-90	-183	-539
 57	 350	 220
 81	-50	 621
 8	 3	 219
 190	-248	 202
 450	 60	 497
-1	-368	 782
 184	-31	-375
-38	 482	 487
 15	-89	 772
-59	-158	 322
 48	-148	 547
-86	-179	-537
 64	 344	 200
 74	-51	 626
 6	 7	 198
 201	-241	 198
 450	 62	 500
-9	-378	 770
 198	-20	-393
-25	 484	 490
 8	-95	 762
-49	-163	 311
 60	-145	 543
-96	-180	-538
 56	 349	 209
 74	-40	 623
 12	 0	 212
 204	-245	 215
 438	 50	 492
-15	-376	 783
 194	-37	-396
-29	 482	 479
 18	-96	 771
-50	-163	 301
 60	-144	 551
-86	-177	-530
 66	 358	 206
 78	-44	 625
 15	 4	 209
 210	-241	 186
 441	 64	 505
-14	-366	 795
 195	-28	-367
-33	 471	 479
 12	-95	 772
-60	-166	 315
 55	-146	 544
-83	-180	-519
 50	 354	 200
 84	-43	 615
 8	 4	 220
 206	-243	 196
 450	 66	 514
-14	-375	 801
 192	-27	-380
-33	 488	 497
 10	-100	 757
-54	-154	 305
 65	-150	 553
-88	-178	-549
 54	 350	 231
 79	-49	 617
 12	 4	 187
 207	-250	 197
 450	 64	 491
-8	-374	 792
 193	-28	-400
-34	 483	 502
-4	-84	 757
-56	-162	 308
 46	-146	 549
-88	-184	-530
 53	 349	 191
 78	-45	 606
-1	 9	 231
 197	-238	 207
 451	 64	 489
-8	-364	 785
 188	-31	-383
-29	 472	 489
 7	-87	 769
-60	-161	 323
 61	-137	 550
-83	-193	-528
 57	 351	 217
 80	-37	 618
 0	-8	 212
 200	-245	 211
 452	 62	 489
-9	-373	 784
 187	-39	-396
-37	 468	 483
 8	-97	 784
-53	-158	 317
 57	-140	 528
-92	-183	-548
 54	 350	 195
 80	-40	 612
 4	 9	 214
 212	-242	 202
 454	 64	 493
-11	-377	 789
 194	-31	-387
-28	 473	 481
 6	-96	 771
-60	-158	 312
 58	-147	 548
-89	-178	-530
 66	 346	 212
 60	-43	 607
 6	-3	 216
 210	-245	 180
 442	 70	 516
-4	-379	 783
 186	-35	-394
-35	 486	 481
 4	-100	 778
-50	-157	 315
 55	-150	 559
-91	-176	-539
 51	 353	 207
 68	-31	 601
 10	 6	 211
 205	-244	 204
 446	 68	 492
-7	-364	 770
 192	-32	-394
-41	 474	 469
 10	-101	 774
-56	-157	 310
 48	-139	 553
-90	-182	-548
 62	 343	 221
 67	-44	 620
 4	 0	 217
 204	-241	 204
 454	 60	 494
-3	-379	 778
 184	-33	-404
-30	 475	 475
 0	-103	 770
-50	-156	 310
 55	-141	 560
-98	-175	-524
 52	 349	 205
 79	-41	 614
 8	-3	 214
 203	-246	 192
 446	 67	 500
-12	-380	 777
 185	-31	-396
-29	 476	 487
 6	-87	 766
-56	-159	 318
 59	-142	 566
-87	-183	-547
 45	 347	 209
 82	-35	 609
 13	 4	 217
 206	-249	 209
 432	 66	 515
-12	-374	 762
 198	-33	-383
-31	 472	 478
 14	-106	 766
-50	-164	 307
 45	-155	 539
-79	-174	-551
 62	 348	 195
 79	-39	 597
