No.	X	Y	Z
	 8	 472	 487
	 58	-67	 751
	-14	-182	 313
	 88	-112	 491
	-60	-170	-579
	 63	 394	 145
	 99	-26	 563
	-11	 0	 156
	 221	-272	 114
	 442	 28	 361
	-9	-393	 663
	 122	-52	-565
	 13	 472	 509
	 54	-57	 747
	-17	-190	 308
	 84	-106	 490
	-69	-180	-575
	 60	 400	 167
	 98	-18	 553
	-2	 2	 152
	 224	-269	 124
	 434	 19	 356
	-5	-395	 676
	 130	-37	-577
	 17	 477	 513
	 41	-55	 737
	-17	-185	 303
	 87	-118	 484
	-68	-169	-569
	 70	 397	 146
	 96	-26	 578
	 0	 0	 153
	 221	-259	 112
	 429	 23	 359
	-12	-401	 662
	 128	-42	-570
	 11	 470	 502
	 54	-59	 743
	-3	-193	 296
	 87	-113	 480
	-65	-173	-578
	 61	 403	 139
	 89	-15	 562
	-2	-5	 155
	 229	-265	 96
	 438	 29	 362
	-16	-400	 687
	 130	-39	-589
	 20	 470	 481
	 51	-66	 744
	-14	-191	 309
	 95	-113	 479
	-66	-166	-577
	 63	 401	 132
	 103	-21	 570
	-11	-10	 172
	 209	-270	 130
	 422	 30	 360
	-3	-391	 685
	 136	-38	-565
	 5	 465	 484
	 45	-58	 715
	-12	-192	 299
	 78	-110	 480
	-58	-169	-587
	 59	 401	 140
	 90	-28	 581
	-4	 3	 148
	 229	-263	 111
	 431	 21	 347
	-5	-401	 672
	 142	-50	-573
	 13	 467	 496
	 48	-52	 730
	 0	-194	 285
	 82	-111	 492
	-59	-168	-564
	 58	 394	 147
	 101	-34	 575
	-12	 9	 160
	 223	-275	 132
	 428	 22	 361
	-5	-407	 690
	 129	-54	-583
	 11	 472	 483
	 52	-62	 741
	-10	-190	 308
	 81	-120	 500
	-61	-163	-597
	 60	 397	 125
	 98	-23	 558
	-14	-4	 148
	 215	-252	 119
	 430	 30	 353
	-8	-395	 674
	 131	-51	-568
	 17	 467	 500
	 51	-61	 724
	-12	-181	 305
	 88	-113	 462
	-75	-170	-582
	 67	 397	 161
	 89	-33	 567
	 1	 0	 176
	 215	-265	 119
	 443	 24	 352
	-4	-399	 690
	 127	-37	-559
	 14	 481	 484
	 44	-60	 735
	 0	-187	 297
	 83	-116	 490
	-64	-164	-570
	 62	 401	 161
	 100	-30	 567
	 4	 3	 170
	 216	-262	 121
	 427	 20	 352
	-2	-395	 695
	 137	-42	-570
	 13	 476	 505
	 46	-56	 728
	-20	-188	 308
	 89	-119	 496
	-64	-163	-575
	 58	 388	 144
	 95	-18	 559
	-4	-5	 153
	 232	-265	 103
	 430	 13	 357
	 4	-398	 687
	 131	-48	-585
	 7	 466	 488
	 43	-62	 736
	-1	-196	 298
	 89	-112	 500
	-74	-164	-569
	 66	 386	 154
	 100	-25	 546
	-4	 9	 150
	 222	-268	 111
	 433	 27	 352
	-4	-396	 675
	 132	-40	-575
	 20	 481	 493
	 50	-58	 746
	-11	-186	 308
	 82	-118	 514
	-78	-169	-570
	 70	 406	 146
	 99	-27	 563
	 1	 5	 166
	 211	-266	 124
	 435	 23	 320
	-4	-387	 656
	 132	-47	-579
	 17	 468	 495
	 55	-68	 735
	-13	-189	 306
	 89	-114	 482
	-64	-172	-578
	 61	 401	 146
	 95	-27	 566
	 5	 1	 152
	 228	-268	 119
	 420	 33	 354
	-4	-395	 680
	 136	-49	-570
	 1	 472	 502
	 49	-55	 734
	-2	-189	 306
	 85	-121	 498
	-59	-170	-589
	 56	 402	 139
	 90	-23	 554
	 4	 0	 150
	 226	-271	 131
	 416	 37	 334
	-15	-387	 670
	 133	-37	-582
	 9	 469	 500
	 51	-58	 747
	-10	-192	 300
	 82	-111	 485
	-68	-176	-569
	 67	 401	 133
	 106	-15	 551
	-4	-3	 159
	 226	-266	 113
	 433	 19	 351
	-1	-396	 683
	 138	-51	-579
	 28	 472	 500
	 51	-53	 736
	-17	-194	 313
	 80	-102	 494
	-72	-176	-571
	 61	 399	 147
	 97	-30	 568
	-11	 4	 166
	 223	-270	 107
	 428	 19	 335
	-1	-395	 680
	 132	-40	-583
	 17	 464	 501
	 46	-51	 727
	-7	-193	 291
	 78	-126	 507
	-64	-170	-587
	 70	 405	 138
	 95	-23	 565
	-3	 5	 162
	 217	-274	 100
	 437	 30	 354
	-11	-404	 669
	 142	-46	-580
	 6	 463	 500
	 50	-63	 752
	-12	-190	 283
	 83	-118	 512
	-64	-165	-577
	 67	 403	 160
	 103	-24	 576
	-11	-9	 158
	 223	-265	 117
	 430	 22	 371
	-9	-412	 681
	 130	-35	-574
	 15	 470	 495
	 42	-59	 758
	 5	-177	 293
	 85	-104	 497
	-69	-170	-578
	 68	 392	 156
	 94	-21	 576
	-8	 6	 153
	 218	-267	 118
	 433	 34	 354
	-3	-400	 711
	 139	-42	-589
	 10	 467	 493
	 53	-63	 720
	-10	-189	 306
	 76	-121	 489
	-61	-168	-588
	 51	 408	 142
	 99	-28	 580
	-6	 3	 168
	 219	-256	 120
	 430	 26	 358
	-6	-397	 678
	 132	-46	-580
	 13	 477	 503
	 44	-52	 725
	 1	-189	 286
	 72	-110	 496
	-66	-162	-580
	 49	 397	 160
	 96	-32	 580
	-5	 8	 140
	 221	-275	 104
	 427	 26	 336
	-4	-400	 678
	 138	-46	-581
	 23	 467	 489
	 56	-69	 730
	-9	-188	 299
	 78	-108	 484
	-74	-171	-575
	 59	 409	 163
	 96	-13	 570
	-2	 3	 166
	 224	-267	 146
	 433	 18	 357
	-7	-396	 675
	 132	-53	-568
	 13	 474	 500
	 50	-65	 745
	-11	-186	 297
	 88	-114	 498
	-71	-166	-580
	 64	 396	 144
	 102	-32	 559
	-4	 4	 158
	 225	-266	 124
	 431	 31	 347
	 4	-402	 677
	 136	-40	-564
	 10	 470	 508
	 53	-62	 729
	-18	-180	 301
	 83	-115	 496
	-68	-168	-575
	 55	 399	 164
	 107	-28	 566
	-10	 1	 160
	 208	-259	 123
	 421	 17	 358
	-13	-397	 672
	 137	-47	-555
	 4	 468	 505
	 46	-61	 750
	-9	-188	 304
	 89	-113	 486
	-61	-179	-570
	 62	 411	 150
	 99	-29	 558
	-5	-1	 148
	 224	-258	 111
	 433	 24	 362
	-2	-397	 677
	 137	-52	-566
	 12	 476	 509
	 53	-57	 742
	-12	-191	 300
	 89	-118	 469
	-68	-171	-569
	 61	 405	 160
	 100	-30	 578
	-1	 2	 152
	 220	-259	 109
	 429	 27	 348
	 4	-391	 684
	 127	-38	-568
	 14	 470	 494
	 51	-57	 737
	-8	-183	 299
	 91	-111	 503
	-66	-170	-571
	 57	 405	 148
	 104	-20	 583
	-7	 3	 168
	 227	-260	 113
	 434	 20	 359
	-2	-394	 689
	 129	-32	-583
	 15	 463	 491
	 44	-61	 730
	-14	-182	 293
	 79	-119	 498
	-59	-167	-580
	 61	 401	 133
	 95	-32	 563
	-9	 0	 163
	 224	-266	 121
	 436	 39	 360
	-3	-388	 677
	 133	-42	-598
	 6	 469	 495
	 56	-56	 746
	-12	-186	 297
	 80	-104	 466
	-69	-172	-568
	 61	 399	 140
	 100	-22	 570
	-1	 5	 154
	 226	-268	 118
	 423	 32	 348
	-1	-392	 680
	 137	-37	-565
	 15	 471	 504
	 48	-60	 740
	-18	-187	 309
	 85	-120	 489
	-69	-166	-583
	 62	 406	 142
	 96	-25	 576
	-2	-1	 157
	 223	-262	 129
	 426	 18	 345
	-4	-403	 665
	 139	-47	-573
	 9	 472	 501
	 48	-57	 725
	-9	-187	 298
	 74	-114	 478
	-58	-173	-571
	 67	 410	 154
	 99	-37	 560
	-4	 10	 172
	 228	-264	 126
	 440	 28	 348
	-14	-403	 680
	 142	-47	-567
	 10	 475	 504
	 55	-60	 735
	-11	-185	 305
	 88	-110	 505
	-64	-171	-578
	 61	 402	 134
	 91	-28	 567
	 2	 8	 159
	 214	-260	 123
	 432	 27	 345
	 0	-400	 688
	 132	-51	-579
	 24	 470	 481
	 45	-63	 748
	-8	-187	 303
	 89	-118	 479
	-67	-181	-575
	 58	 397	 141
	 96	-28	 573
	-7	 6	 151
	 233	-267	 114
	 437	 30	 344
	-5	-402	 688
	 132	-44	-566
	 9	 465	 487
	 55	-52	 752
	-20	-194	 308
	 72	-113	 473
	-58	-169	-566
	 72	 396	 156
	 93	-15	 569
	 0	 0	 162
	 223	-268	 119
	 437	 20	 355
	-6	-413	 663
	 134	-47	-574
	 13	 467	 498
	 52	-52	 742
	-5	-186	 317
	 86	-114	 487
	-59	-166	-576
	 66	 392	 158
	 96	-22	 562
	-7	 0	 159
	 218	-270	 104
	 433	 31	 350
	 0	-395	 666
	 135	-47	-583
	 24	 466	 484
	 43	-66	 737
	-12	-199	 298
	 80	-113	 477
	-67	-175	-586
	 57	 398	 163
	 96	-16	 574
	-7	 1	 164
	 222	-268	 122
	 432	 22	 357
	-10	-391	 678
	 141	-53	-576
	 9	 460	 494
	 43	-56	 743
	-17	-182	 313
	 78	-123	 472
	-73	-178	-587
	 56	 403	 169
	 109	-32	 565
	-3	-9	 154
	 220	-255	 108
	 429	 22	 354
	 0	-396	 682
	 143	-42	-573
	 12	 476	 505
	 42	-59	 749
	-21	-189	 300
	 90	-121	 490
	-73	-174	-577
	 70	 382	 166
	 94	-26	 580
	-1	 11	 161
	 220	-265	 124
	 430	 33	 333
	-11	-394	 671
	 139	-45	-594
	 14	 473	 480
	 39	-58	 730
	-15	-184	 303
	 89	-116	 475
	-69	-162	-565
	 71	 401	 160
	 100	-25	 574
	-5	 3	 150
	 222	-264	 129
	 436	 23	 355
	-14	-401	 670
	 136	-55	-578
	 27	 468	 499
	 49	-47	 738
	-18	-188	 302
	 87	-114	 489
	-61	-165	-573
	 65	 404	 146
	 99	-26	 567
	 8	 6	 171
	 218	-271	 122
	 432	 20	 344
	 4	-397	 700
	 136	-49	-582
	 3	 475	 505
	 55	-58	 732
	-6	-185	 313
	 80	-114	 472
	-72	-162	-573
	 57	 399	 143
	 103	-28	 567
	-3	 4	 154
	 222	-268	 120
	 425	 23	 347
	 0	-392	 680
	 126	-46	-558
	 7	 474	 510
	 59	-56	 744
	-8	-197	 308
	 95	-116	 498
	-68	-174	-588
	 64	 406	 146
	 94	-22	 549
	 3	 4	 166
	 226	-265	 126
	 421	 25	 350
	 1	-399	 683
	 137	-46	-579
	 18	 468	 489
	 52	-60	 725
	-10	-194	 305
	 90	-113	 495
	-65	-156	-565
	 58	 395	 156
	 97	-21	 560
	 0	-6	 167
	 226	-260	 121
	 437	 23	 341
	 0	-396	 689
	 130	-51	-570
	 14	 465	 497
	 50	-62	 738
	-8	-182	 298
	 79	-116	 499
	-55	-165	-568
	 68	 402	 143
	 103	-25	 558
	 4	 5	 158
	 224	-259	 115
	 423	 27	 358
	-7	-408	 683
	 123	-49	-577
	 11	 463	 492
	 51	-63	 738
	-8	-182	 292
	 87	-121	 486
	-61	-176	-578
	 60	 403	 155
	 101	-19	 575
	-4	-1	 153
	 214	-268	 119
	 430	 21	 370
	-9	-397	 688
	 132	-44	-583
	 9	 464	 490
	 50	-68	 735
	-10	-203	 301
	 91	-134	 492
	-70	-170	-568
	 64	 407	 157
	 100	-26	 575
	-8	 2	 151
	 227	-267	 122
	 438	 24	 342
	 2	-391	 681
	 134	-48	-570
	 15	 473	 488
	 46	-62	 733
	-3	-175	 313
	 81	-115	 489
	-70	-167	-584
	 63	 392	 151
	 111	-22	 559
	 0	 7	 176
	 221	-275	 125
	 435	 27	 355
	-4	-410	 686
	 132	-47	-588
	 17	 471	 492
	 50	-72	 734
	-10	-186	 303
	 90	-114	 487
	-68	-165	-562
	 58	 399	 135
	 100	-28	 563
	 2	-3	 174
	 223	-262	 125
	 427	 20	 341
	-6	-398	 683
	 134	-44	-583
	 7	 471	 490
	 53	-57	 727
	-15	-197	 291
	 75	-120	 485
	-71	-168	-564
	 54	 393	 144
	 94	-27	 576
	-1	 5	 145
	 229	-272	 108
	 432	 19	 348
	-6	-397	 697
	 128	-39	-572
	 12	 466	 496
	 42	-59	 728
	-8	-188	 310
	 80	-112	 486
	-63	-172	-586
	 57	 405	 156
	 106	-25	 569
	-14	 5	 157
	 224	-265	 106
	 431	 23	 338
	-1	-397	 675
	 135	-42	-565
	 9	 472	 503
	 39	-61	 735
	-5	-182	 313
	 95	-113	 494
	-65	-168	-578
	 61	 411	 140
	 100	-29	 563
	-1	 6	 162
	 223	-267	 117
	 429	 28	 349
	 0	-400	 687
	 127	-51	-571
	 7	 470	 492
	 44	-56	 750
	-20	-179	 301
	 72	-114	 509
	-66	-167	-561
	 64	 410	 130
	 110	-21	 571
	-1	 10	 152
	 231	-270	 133
	 431	 29	 341
	-2	-398	 673
	 138	-39	-581
	 10	 477	 490
	 49	-67	 725
	-18	-190	 289
	 88	-117	 483
	-67	-160	-576
	 61	 393	 155
	 110	-23	 563
	-6	 0	 156
	 223	-267	 115
	 427	 24	 352
	 0	-399	 680
	 130	-50	-578
	 9	 476	 490
	 43	-58	 756
	-17	-188	 283
	 87	-110	 493
	-71	-168	-570
	 69	 400	 140
	 106	-30	 558
	-8	-6	 161
	 227	-264	 104
	 423	 34	 359
	-4	-405	 684
	 137	-35	-598
	 1	 469	 487
	 51	-56	 723
	-21	-187	 295
	 91	-115	 489
	-70	-167	-561
	 59	 398	 150
	 93	-22	 574
	 0	 3	 165
	 226	-268	 119
	 434	 24	 336
	-6	-405	 677
	 126	-54	-575
	-3	 465	 498
	 52	-50	 723
	-14	-188	 299
	 80	-106	 502
	-61	-171	-570
	 56	 407	 150
	 105	-17	 553
	-16	 2	 155
	 218	-272	 114
	 436	 24	 355
	-5	-391	 675
	 135	-50	-580
	 8	 472	 476
	 59	-61	 739
	-9	-196	 301
	 88	-113	 493
	-66	-167	-585
	 66	 405	 141
	 96	-21	 569
	-1	 1	 179
	 222	-269	 107
	 436	 23	 346
	-2	-410	 667
	 134	-44	-579
	 2	 473	 493
	 52	-61	 738
	-3	-181	 310
	 83	-117	 493
	-70	-160	-585
	 67	 403	 147
	 110	-23	 583
	-5	 0	 168
	 229	-280	 123
	 430	 18	 379
	-6	-405	 697
	 132	-44	-575
	 7	 469	 520
	 49	-65	 726
	-17	-179	 291
	 84	-114	 510
	-52	-178	-585
	 67	 398	 159
	 108	-26	 574
	-10	 0	 149
	 228	-272	 117
	 432	 30	 367
	-9	-391	 671
	 140	-48	-565
	 19	 480	 475
	 56	-53	 722
	-2	-188	 307
	 81	-120	 498
	-70	-157	-579
	 53	 402	 164
	 112	-12	 559
	-3	 1	 164
	 226	-268	 126
	 430	 22	 356
	-4	-397	 673
	 129	-44	-561
	 14	 470	 497
	 53	-62	 734
	-14	-191	 307
	 81	-111	 480
	-60	-177	-579
	 62	 403	 138
	 93	-21	 559
	-4	 2	 162
	 213	-263	 112
	 434	 32	 350
	 1	-401	 692
	 126	-42	-558
	 14	 475	 488
	 41	-66	 719
	-13	-191	 302
	 79	-118	 495
	-71	-163	-579
	 60	 398	 143
	 90	-24	 542
	-8	 0	 156
	 219	-268	 132
	 437	 34	 349
	-3	-394	 678
	 127	-44	-587
	 12	 475	 505
	 56	-56	 734
	-21	-189	 302
	 85	-126	 473
	-64	-164	-563
	 54	 405	 135
	 103	-21	 576
	 2	 0	 166
	 223	-265	 119
	 435	 36	 350
	-8	-402	 690
	 137	-47	-570
	 7	 470	 496
	 63	-60	 726
	-14	-184	 291
	 88	-110	 486
	-76	-171	-582
	 56	 402	 143
	 93	-31	 573
	-5	 0	 146
	 221	-269	 124
	 428	 13	 338
	-6	-403	 689
	 137	-44	-585
	 18	 464	 485
	 54	-61	 729
	-18	-195	 299
	 80	-103	 488
	-72	-160	-579
	 58	 396	 150
	 101	-27	 565
	-16	-1	 168
	 217	-272	 117
	 433	 16	 349
	-5	-405	 675
	 120	-52	-579
	 8	 471	 490
	 46	-58	 735
	-17	-188	 309
	 87	-117	 490
	-65	-170	-569
	 63	 402	 149
	 99	-32	 563
	 0	 8	 144
	 215	-270	 131
	 416	 29	 363
	-4	-405	 678
	 127	-56	-601
	 18	 469	 485
	 59	-53	 739
	-7	-188	 295
	 76	-122	 495
	-68	-178	-575
	 58	 393	 167
	 95	-24	 559
	-1	 1	 157
	 224	-267	 126
	 430	 15	 350
	-2	-391	 686
	 137	-54	-570
	 17	 469	 496
	 41	-60	 718
	-23	-181	 293
	 86	-113	 490
	-64	-164	-577
	 60	 407	 151
	 97	-21	 570
	-4	 5	 164
	 232	-257	 129
	 437	 23	 342
	 5	-405	 678
	 142	-51	-562
	 14	 467	 491
	 55	-56	 727
	-16	-187	 296
	 81	-126	 489
	-63	-165	-566
	 59	 403	 147
	 102	-23	 563
	 6	 6	 159
	 226	-274	 108
	 422	 20	 375
	-4	-404	 690
	 132	-53	-562
	 17	 470	 488
	 47	-65	 738
	-10	-190	 310
	 83	-115	 485
	-65	-165	-586
	 59	 394	 144
	 100	-17	 575
	 0	 3	 169
	 221	-262	 118
	 433	 26	 353
	 0	-390	 678
	 137	-40	-575
	 11	 472	 485
	 53	-53	 753
	-12	-186	 301
	 76	-116	 492
	-61	-172	-589
	 52	 401	 155
	 99	-24	 558
	 1	-8	 166
	 228	-269	 110
	 425	 32	 328
	-13	-409	 683
	 126	-47	-589
	 0	 478	 506
	 48	-62	 731
	-11	-187	 302
	 79	-127	 477
	-65	-169	-568
	 62	 406	 151
	 100	-32	 572
	 4	 1	 148
	 224	-269	 118
	 432	 29	 341
	-4	-402	 680
	 132	-45	-577
	 19	 464	 490
	 50	-59	 727
	-13	-184	 288
	 80	-119	 483
	-70	-164	-575
	 70	 401	 154
	 99	-25	 564
	 1	 0	 153
	 218	-263	 107
	 425	 25	 357
	-5	-402	 667
	 133	-43	-586
	 19	 461	 503
	 44	-55	 748
	-22	-189	 287
	 86	-110	 498
	-70	-175	-594
	 58	 398	 149
	 96	-34	 556
	-3	 3	 147
	 221	-259	 114
	 430	 21	 329
	-1	-397	 692
	 139	-39	-578
	 13	 468	 494
	 53	-66	 736
	-14	-188	 307
	 86	-109	 501
	-67	-173	-568
	 52	 395	 137
	 93	-25	 567
	 0	-6	 171
	 217	-268	 114
	 433	 28	 376
	-12	-399	 678
	 131	-50	-584
	 14	 470	 497
	 47	-66	 733
	-10	-203	 289
	 98	-108	 496
	-64	-169	-574
	 66	 396	 154
	 97	-23	 568
	-7	-5	 168
	 218	-275	 139
	 424	 21	 356
	-4	-403	 678
	 139	-49	-583
	 13	 468	 499
	 63	-59	 749
	-14	-192	 311
	 76	-124	 493
	-65	-173	-575
	 60	 396	 136
	 89	-33	 560
	 3	-6	 161
	 227	-267	 107
	 432	 21	 349
	-1	-392	 682
	 132	-40	-570
	 18	 469	 496
	 43	-59	 746
	-11	-186	 302
	 83	-120	 490
	-77	-171	-590
	 61	 404	 156
	 96	-31	 559
	-3	 7	 165
	 228	-268	 131
	 435	 22	 348
	-1	-384	 670
	 133	-42	-587
	 10	 473	 505
	 37	-64	 750
	-6	-193	 293
	 81	-113	 495
	-64	-177	-574
	 68	 408	 159
	 99	-15	 582
	-12	 3	 144
	 211	-269	 114
	 426	 24	 345
	-4	-407	 687
	 139	-54	-579
	 14	 470	 495
	 68	-62	 735
	-3	-194	 298
	 83	-122	 501
	-64	-170	-584
	 55	 402	 139
	 107	-19	 573
	-15	 2	 159
	 220	-267	 119
	 436	 24	 356
	 0	-403	 673
	 135	-50	-579
	 14	 468	 486
	 56	-66	 744
	 0	-198	 288
	 80	-111	 482
	-69	-159	-581
	 61	 414	 154
	 108	-18	 565
	 0	 9	 154
	 224	-268	 106
	 432	 26	 348
	-17	-398	 669
	 137	-55	-565
	 14	 476	 499
	 47	-66	 739
	-18	-183	 325
	 84	-117	 471
	-70	-176	-596
	 66	 401	 148
	 99	-18	 567
	-6	 5	 156
	 225	-271	 113
	 430	 21	 361
	-5	-395	 681
	 136	-45	-578
	 11	 461	 483
	 44	-59	 738
	-10	-184	 296
	 83	-117	 493
	-57	-174	-576
	 59	 401	 139
	 103	-24	 564
	-4	 3	 172
	 231	-267	 114
	 436	 26	 343
	-4	-397	 682
	 130	-38	-574
	 14	 471	 478
	 45	-56	 738
	-18	-187	 306
	 78	-110	 485
	-68	-167	-587
	 60	 405	 137
	 107	-22	 590
	-12	 12	 153
	 214	-267	 101
	 434	 22	 351
	 2	-401	 677
	 123	-47	-572
	 20	 468	 492
	 51	-70	 748
	-12	-178	 310
	 84	-112	 483
	-62	-161	-581
	 58	 413	 145
	 97	-19	 551
	-6	-1	 146
	 226	-260	 127
	 435	 35	 351
	-14	-397	 693
	 131	-43	-585
	 16	 465	 521
	 58	-62	 725
	-12	-190	 297
	 79	-115	 504
	-76	-172	-572
	 55	 405	 144
	 94	-19	 568
	-1	 0	 161
	 222	-265	 104
	 438	 30	 358
	-3	-401	 683
	 138	-39	-559
	 9	 488	 475
	 47	-55	 741
	-24	-190	 305
	 76	-116	 488
	-67	-165	-578
	 49	 409	 147
	 97	-14	 557
	-3	-4	 179
	 214	-260	 119
	 432	 19	 346
	-2	-399	 686
	 139	-48	-580
	 10	 467	 503
	 44	-68	 747
	-6	-196	 311
	 78	-108	 488
	-57	-179	-572
	 63	 413	 154
	 101	-26	 572
	 0	 3	 171
	 223	-277	 113
	 436	 21	 352
	 5	-400	 673
	 142	-46	-574
	 4	 464	 496
	 39	-60	 740
	-12	-187	 303
	 72	-118	 501
	-66	-172	-573
	 50	 400	 149
	 101	-28	 565
	 1	-8	 168
	 217	-269	 122
	 425	 22	 340
	-17	-400	 686
	 130	-49	-586
	 5	 472	 475
	 47	-60	 742
	-12	-189	 295
	 76	-112	 484
	-62	-164	-567
	 63	 400	 154
	 100	-29	 583
	-6	 0	 142
	 225	-266	 131
	 425	 21	 338
	-3	-397	 681
	 125	-46	-572
	 19	 460	 497
	 32	-55	 728
	-18	-186	 299
	 90	-119	 503
	-70	-161	-569
	 53	 408	 148
	 98	-23	 558
	 0	 2	 166
	 219	-260	 118
	 434	 19	 357
	-7	-394	 680
	 129	-46	-571
	 13	 477	 491
	 45	-67	 747
	-14	-184	 317
	 89	-119	 482
	-59	-169	-572
	 57	 404	 154
	 97	-24	 580
	-4	-3	 156
	 234	-268	 107
	 428	 29	 351
	-17	-403	 684
	 126	-49	-582
	 16	 471	 504
	 50	-64	 754
	-10	-184	 288
	 86	-112	 493
	-65	-179	-585
	 59	 401	 152
	 104	-21	 560
	-3	-1	 177
	 217	-273	 132
	 429	 21	 353
	 2	-394	 684
	 137	-41	-582
	 8	 473	 493
	 49	-64	 731
	-22	-177	 295
	 84	-121	 475
	-73	-162	-578
	 60	 404	 129
	 89	-9	 538
	 1	 6	 149
	 228	-272	 113
	 422	 30	 376
	 0	-397	 683
	 148	-45	-592
	 8	 468	 495
	 45	-62	 740
	-11	-190	 291
	 85	-111	 488
	-64	-153	-571
	 66	 400	 144
	 103	-26	 549
	 1	 0	 166
	 227	-275	 112
	 433	 28	 367
	-14	-402	 675
	 128	-37	-573
	 14	 469	 500
	 48	-63	 720
	-3	-188	 292
	 89	-120	 494
	-63	-168	-577
	 58	 403	 138
	 100	-20	 564
	-6	 1	 166
	 218	-262	 128
	 432	 28	 356
	-1	-388	 688
	 140	-44	-580
	 11	 469	 499
	 46	-57	 731
	-15	-198	 317
	 81	-113	 493
	-61	-172	-567
	 59	 402	 147
	 100	-21	 567
	-6	 1	 147
	 228	-271	 117
	 431	 23	 350
	-8	-397	 690
	 132	-43	-574
	 25	 471	 476
	 48	-61	 749
	-2	-184	 319
	 89	-106	 467
	-60	-172	-571
	 67	 408	 145
	 99	-26	 584
	 6	-2	 160
	 222	-268	 129
	 436	 28	 358
	-3	-398	 677
	 129	-52	-582
	 7	 472	 488
	 51	-60	 735
	-14	-185	 288
	 76	-113	 489
	-56	-170	-586
	 57	 409	 139
	 91	-16	 568
	-5	 7	 164
	 217	-270	 122
	 437	 27	 372
	-4	-401	 686
	 136	-42	-573
	 15	 467	 490
	 45	-59	 739
	-16	-201	 299
	 88	-113	 482
	-66	-164	-582
	 60	 402	 156
	 95	-18	 560
	-11	 13	 166
	 219	-264	 126
	 430	 34	 372
	-2	-389	 687
	 133	-40	-568
	 17	 465	 510
	 35	-48	 749
	-10	-188	 305
	 73	-121	 489
	-80	-169	-578
	 62	 399	 133
	 91	-22	 564
	-4	 4	 156
	 214	-266	 109
	 424	 20	 347
	-8	-395	 692
	 137	-40	-571
	 12	 478	 475
	 45	-54	 755
	-12	-192	 298
	 75	-118	 496
	-64	-168	-551
	 52	 399	 144
	 106	-29	 561
	 0	-3	 174
	 224	-263	 118
	 436	 28	 356
	-3	-401	 675
	 130	-40	-582
	 8	 466	 485
	 59	-69	 749
	-20	-188	 297
	 81	-114	 484
	-70	-169	-566
	 60	 391	 142
	 92	-29	 551
	 0	-1	 159
	 216	-267	 118
	 438	 36	 349
	 1	-405	 680
	 136	-35	-591
	 7	 470	 483
	 49	-64	 752
	-6	-187	 298
	 77	-116	 503
	-68	-175	-595
	 55	 403	 144
	 93	-26	 578
	-2	-3	 149
	 222	-264	 124
	 426	 24	 345
	 0	-398	 690
	 133	-43	-565
	 16	 473	 490
	 52	-69	 738
	-14	-188	 292
	 82	-112	 502
	-66	-161	-576
	 59	 405	 146
	 92	-26	 550
	-1	 4	 159
	 222	-269	 124
	 432	 28	 359
	-1	-399	 677
	 133	-42	-568
	 3	 478	 493
	 41	-56	 739
	-11	-195	 294
	 87	-115	 476
	-63	-176	-577
	 63	 405	 138
	 101	-31	 567
	-3	 0	 156
	 232	-267	 112
	 427	 28	 352
	 2	-401	 690
	 124	-49	-556
	 17	 463	 500
	 45	-65	 739
	-14	-197	 300
	 83	-114	 505
	-60	-163	-584
	 64	 402	 154
	 93	-28	 568
	 3	 5	 152
	 220	-258	 116
	 429	 29	 351
	-4	-400	 675
	 132	-39	-572
	 7	 473	 486
	 57	-54	 748
	-13	-191	 309
	 85	-108	 483
	-64	-168	-563
	 66	 400	 134
	 103	-18	 575
	-3	 8	 167
	 223	-276	 119
	 431	 33	 362
	 1	-402	 680
	 139	-39	-580
	 18	 464	 505
	 49	-63	 727
	-15	-192	 308
	 81	-110	 479
	-70	-176	-561
	 63	 403	 160
	 102	-18	 554
	-9	-3	 175
	 218	-276	 109
	 435	 36	 344
	-6	-404	 690
	 134	-45	-572
	 13	 469	 497
	 53	-60	 746
	-26	-187	 294
	 77	-118	 492
	-64	-171	-564
	 62	 402	 149
	 94	-19	 559
	 0	 1	 164
	 220	-260	 123
	 430	 26	 350
	 0	-401	 681
	 137	-36	-575
	 13	 483	 505
	 49	-56	 759
	-9	-192	 293
	 84	-117	 480
	-69	-175	-585
	 73	 392	 140
	 102	-35	 575
	 0	 8	 157
	 229	-268	 116
	 430	 34	 329
	 0	-392	 670
	 143	-40	-566
	 14	 473	 493
	 42	-64	 747
	-21	-193	 311
	 87	-108	 476
	-72	-153	-584
	 67	 400	 141
	 104	-22	 567
	-8	 4	 162
	 230	-271	 121
	 439	 29	 350
	-7	-394	 671
	 128	-48	-572
	 10	 477	 501
	 60	-68	 739
	-13	-197	 310
	 84	-111	 475
	-62	-165	-580
	 63	 398	 162
	 95	-27	 547
	 4	-2	 162
	 226	-270	 126
	 427	 28	 340
	 1	-396	 676
	 135	-46	-560
	 7	 463	 493
	 49	-48	 756
	-8	-184	 315
	 79	-120	 477
	-61	-172	-575
	 65	 404	 147
	 98	-21	 568
	-5	 3	 164
	 227	-266	 114
	 429	 25	 356
	-7	-396	 675
	 126	-41	-569
	 8	 473	 497
	 53	-59	 744
	-15	-188	 311
	 78	-107	 502
	-68	-173	-576
	 60	 403	 142
	 106	-25	 564
	-9	 5	 154
	 226	-264	 114
	 426	 22	 361
	 3	-400	 675
	 130	-39	-561
	 4	 472	 484
	 53	-60	 737
	-19	-187	 300
	 98	-118	 499
	-60	-177	-572
	 67	 400	 163
	 87	-26	 572
	-2	 0	 164
	 213	-267	 108
	 426	 30	 338
	 4	-394	 684
	 126	-46	-571
	 24	 470	 509
	 42	-63	 726
	-19	-195	 283
	 79	-122	 501
	-72	-168	-581
	 55	 393	 144
	 104	-25	 553
	-4	 4	 164
	 218	-263	 109
	 434	 21	 349
	-1	-399	 680
	 143	-42	-586
	 18	 468	 488
	 50	-61	 740
	-13	-184	 303
	 94	-119	 483
	-72	-163	-577
	 64	 395	 144
	 99	-22	 567
	 9	 9	 155
	 229	-273	 126
	 433	 23	 350
	 1	-395	 685
	 138	-42	-578
	 12	 465	 481
	 45	-47	 730
	-17	-182	 303
	 90	-121	 483
	-66	-173	-564
	 64	 405	 145
	 113	-24	 556
	-11	 11	 162
	 223	-264	 116
	 421	 27	 365
	 0	-401	 679
	 141	-42	-589
	 13	 476	 494
	 47	-54	 736
	-13	-179	 315
	 87	-124	 489
	-61	-159	-573
	 63	 417	 169
	 93	-18	 576
	-3	 2	 152
	 213	-275	 104
	 424	 32	 365
	-10	-405	 687
	 128	-31	-573
	 15	 478	 499
	 61	-64	 742
	-17	-182	 298
	 78	-124	 489
	-56	-172	-577
	 63	 403	 147
	 90	-31	 548
	 0	-1	 167
	 220	-258	 134
	 431	 35	 354
	-1	-403	 678
	 126	-47	-571
	 4	 463	 496
	 53	-58	 737
	-22	-193	 303
	 87	-119	 480
	-59	-178	-579
	 63	 393	 163
	 100	-28	 558
	-8	-4	 156
	 225	-270	 127
	 426	 22	 368
	-8	-395	 680
	 137	-49	-569
	 7	 480	 497
	 46	-54	 748
	-11	-192	 308
	 80	-119	 485
	-59	-179	-571
	 50	 408	 155
	 102	-31	 553
	-7	 2	 163
	 222	-275	 110
	 435	 23	 353
	-4	-403	 678
	 131	-38	-561
	 22	 472	 482
	 53	-67	 742
	-9	-181	 292
	 90	-125	 496
	-60	-166	-568
	 62	 410	 142
	 98	-21	 577
	-1	-3	 144
	 229	-266	 120
	 431	 17	 345
	-6	-398	 688
	 132	-46	-576
	 7	 468	 508
	 47	-54	 717
	-6	-186	 290
	 75	-112	 483
	-56	-161	-575
	 67	 399	 161
	 102	-20	 582
	-4	-2	 154
	 217	-268	 107
	 427	 30	 350
	-6	-399	 689
	 144	-56	-564
	 8	 475	 489
	 54	-52	 742
	-6	-184	 307
	 94	-117	 485
	-77	-170	-578
	 54	 405	 151
	 98	-25	 550
	-1	 0	 153
	 219	-274	 119
	 432	 22	 350
	 0	-403	 686
	 132	-52	-564
	 17	 473	 497
	 39	-60	 753
	-11	-185	 310
	 85	-118	 475
	-76	-166	-575
	 53	 407	 150
	 96	-14	 567
	-4	 0	 161
	 216	-264	 123
	 428	 33	 354
	-12	-406	 684
	 130	-40	-577
	 10	 464	 500
	 42	-61	 745
	-24	-189	 302
	 84	-112	 499
	-58	-160	-583
	 61	 401	 119
	 101	-16	 550
	 0	-1	 150
	 223	-276	 117
	 434	 21	 351
	 4	-397	 668
	 138	-48	-588
	 2	 474	 497
	 58	-69	 725
	-10	-189	 306
	 95	-115	 488
	-75	-167	-578
	 63	 404	 166
	 98	-31	 561
	 0	-1	 134
	 223	-262	 126
	 424	 25	 346
	 8	-399	 676
	 132	-31	-573
	 13	 478	 503
	 47	-60	 741
	-5	-190	 295
	 86	-105	 507
	-62	-173	-583
	 54	 398	 135
	 100	-34	 573
	 0	 4	 171
	 227	-270	 120
	 431	 24	 351
	-5	-406	 677
	 131	-42	-573
	 10	 472	 505
	 47	-53	 742
	-12	-187	 298
	 91	-112	 478
	-62	-179	-573
	 52	 398	 140
	 114	-21	 564
	 6	 3	 149
	 225	-256	 124
	 434	 43	 352
	 1	-402	 699
	 134	-48	-581
	 18	 479	 498
	 48	-58	 729
	-15	-183	 296
	 82	-105	 494
	-61	-170	-577
	 58	 403	 141
	 94	-19	 565
	-6	 0	 162
	 222	-261	 127
	 434	 32	 355
	-7	-397	 681
	 137	-46	-578
	 17	 461	 493
	 50	-57	 749
	-15	-187	 297
	 87	-122	 477
	-62	-173	-578
	 67	 402	 152
	 95	-21	 572
	 0	 5	 152
	 226	-263	 119
	 431	 34	 353
	-3	-397	 675
	 118	-41	-573
	 7	 472	 510
	 58	-57	 751
	-10	-200	 319
	 79	-113	 478
	-75	-174	-568
	 51	 401	 154
	 102	-26	 576
	-3	 3	 141
	 221	-258	 119
	 425	 34	 367
	-8	-399	 676
	 138	-48	-594
	 7	 477	 498
	 57	-54	 737
	-21	-190	 307
	 83	-113	 484
	-56	-174	-576
	 61	 398	 150
	 96	-22	 565
	-10	 8	 155
	 226	-267	 121
	 430	 27	 378
	 5	-395	 679
	 139	-46	-571
	 4	 476	 498
	 48	-68	 723
	-6	-173	 295
	 85	-121	 473
	-68	-173	-556
	 58	 407	 147
	 100	-25	 584
	 0	 5	 150
	 224	-252	 118
	 438	 29	 361
	 1	-408	 681
	 131	-52	-573
	 8	 465	 478
	 53	-57	 737
	-6	-193	 298
	 86	-115	 493
	-68	-178	-577
	 69	 409	 158
	 102	-35	 570
	-3	-6	 162
	 237	-263	 110
	 436	 18	 360
	 0	-405	 685
	 137	-39	-559
	 16	 473	 495
	 47	-53	 743
	-16	-183	 297
	 80	-125	 494
	-71	-154	-559
	 61	 402	 148
	 89	-15	 556
	 6	 2	 128
	 215	-271	 109
	 434	 29	 357
	-7	-397	 685
	 131	-52	-566
	 11	 463	 491
	 43	-56	 761
	-20	-188	 305
	 95	-125	 483
	-74	-166	-578
	 60	 403	 142
	 100	-25	 574
	-9	 11	 170
	 232	-270	 105
	 432	 32	 361
	-10	-389	 661
	 129	-58	-578
	 14	 467	 484
	 59	-52	 735
	-13	-185	 298
	 87	-110	 475
	-66	-170	-575
	 68	 409	 157
	 101	-24	 580
	-8	 2	 167
	 221	-266	 108
	 419	 30	 342
	-24	-404	 668
	 128	-46	-578
	 11	 464	 485
	 53	-57	 728
	-10	-184	 298
	 75	-115	 480
	-69	-174	-583
	 56	 400	 136
	 90	-15	 569
	-3	 9	 155
	 224	-258	 114
	 433	 33	 343
	-6	-395	 673
	 138	-40	-575
	 10	 464	 503
	 49	-56	 727
	-11	-199	 298
	 88	-118	 506
	-58	-160	-584
	 59	 401	 142
	 93	-26	 563
	-7	 4	 161
	 224	-265	 136
	 439	 23	 344
	-7	-406	 676
	 126	-47	-582
	 7	 466	 506
	 30	-59	 743
	-10	-188	 300
	 85	-107	 495
	-65	-155	-571
	 71	 407	 139
	 93	-16	 573
	 4	 0	 158
	 230	-250	 113
	 426	 29	 348
	-7	-399	 697
	 130	-47	-584
	 12	 467	 486
	 49	-57	 738
	-18	-181	 301
	 84	-114	 486
	-63	-161	-567
	 66	 397	 164
	 95	-22	 572
	-1	-3	 146
	 224	-270	 129
	 435	 33	 333
	-7	-395	 680
	 131	-48	-582
	 7	 471	 491
	 64	-69	 748
	-13	-185	 298
	 78	-113	 485
	-68	-167	-576
	 64	 399	 142
	 105	-29	 585
	-5	 1	 157
	 217	-275	 118
	 430	 25	 363
	-14	-399	 677
	 133	-42	-573
	 17	 478	 503
	 43	-60	 742
	-1	-181	 303
	 78	-115	 490
	-59	-168	-559
	 63	 410	 157
	 96	-26	 581
	-3	-6	 163
	 231	-267	 117
	 436	 25	 367
	-5	-407	 681
	 133	-41	-577
	 14	 465	 496
	 52	-62	 723
	-12	-193	 313
	 78	-114	 485
	-65	-177	-567
	 63	 401	 139
	 102	-25	 553
	-9	 0	 146
	 218	-258	 123
	 443	 32	 351
	 11	-400	 682
	 123	-47	-585
	 16	 472	 501
	 46	-59	 738
	-16	-189	 291
	 86	-112	 489
	-60	-164	-585
	 69	 410	 140
	 105	-20	 566
	-10	 3	 149
	 217	-266	 117
	 424	 37	 349
	-2	-399	 679
	 143	-43	-578
	 18	 455	 501
	 50	-59	 739
	-14	-190	 315
	 79	-108	 501
	-56	-172	-592
	 63	 397	 147
	 102	-23	 551
	 10	 0	 164
	 223	-264	 125
	 432	 24	 359
	-3	-392	 687
	 137	-42	-583
	 18	 481	 512
	 54	-60	 744
	-17	-200	 321
	 87	-124	 476
	-64	-165	-593
	 60	 403	 142
	 101	-23	 561
	 0	-2	 166
	 222	-265	 117
	 426	 26	 343
	-6	-399	 680
	 133	-36	-580
	 9	 474	 498
	 57	-56	 743
	-17	-190	 298
	 76	-114	 504
	-71	-174	-581
	 68	 401	 151
	 97	-14	 561
	 1	 12	 162
	 232	-267	 115
	 423	 25	 379
	-12	-393	 690
	 129	-42	-584
	 9	 483	 481
	 50	-47	 734
	 0	-194	 308
	 85	-123	 491
	-70	-168	-574
	 64	 397	 161
	 111	-22	 583
	 3	 6	 154
	 215	-261	 119
	 424	 25	 337
	-6	-398	 676
	 132	-47	-567
	 14	 458	 495
	 45	-61	 734
	-18	-188	 299
	 86	-110	 500
	-60	-160	-561
	 57	 406	 149
	 103	-25	 575
	 0	 6	 166
	 215	-274	 123
	 430	 24	 352
	-3	-395	 684
	 130	-51	-579
	 13	 473	 502
	 49	-67	 762
	-19	-195	 297
	 78	-123	 486
	-66	-175	-571
	 62	 402	 154
	 101	-23	 564
	-10	 13	 152
	 228	-268	 117
	 439	 25	 349
	-7	-397	 707
	 131	-49	-563
	 3	 463	 497
	 47	-52	 738
	-20	-184	 306
	 74	-114	 489
	-54	-170	-579
	 60	 402	 154
	 98	-14	 564
	-6	-6	 158
	 227	-266	 117
	 426	 32	 368
	-8	-394	 695
	 136	-44	-569
	 17	 482	 500
	 58	-59	 751
	-7	-198	 317
	 85	-104	 491
	-70	-172	-571
	 60	 408	 149
	 95	-17	 579
	-5	-4	 154
	 215	-254	 116
	 439	 22	 363
	 0	-398	 688
	 138	-44	-585
	 7	 463	 496
	 50	-64	 730
	-7	-188	 311
	 89	-124	 484
	-59	-170	-560
	 64	 409	 151
	 91	-21	 570
	-15	-6	 153
	 215	-270	 128
	 438	 40	 352
	 0	-392	 672
	 135	-41	-576
	 13	 484	 491
	 54	-66	 739
	-16	-187	 308
	 83	-113	 486
	-59	-166	-587
	 72	 412	 140
	 93	-23	 563
	 4	 0	 143
	 222	-261	 115
	 425	 27	 351
	-1	-397	 680
	 132	-47	-584
	 7	 462	 498
	 49	-57	 732
	-18	-187	 314
	 93	-113	 494
	-53	-169	-580
	 65	 411	 149
	 96	-29	 562
	-3	-3	 162
	 225	-256	 113
	 425	 40	 348
	-10	-385	 672
	 137	-37	-580
	 6	 473	 514
	 46	-56	 745
	-14	-187	 296
	 94	-112	 485
	-65	-177	-573
	 63	 395	 132
	 94	-25	 556
	-2	 9	 164
	 227	-260	 126
	 434	 35	 359
	-7	-405	 673
	 130	-44	-588
	 17	 463	 509
	 51	-60	 723
	-13	-189	 311
	 104	-113	 491
	-58	-170	-581
	 64	 403	 156
	 98	-14	 572
	-16	 0	 142
	 230	-266	 127
	 436	 18	 346
	-7	-382	 692
	 138	-51	-591
	 9	 468	 491
	 45	-58	 734
	-8	-186	 292
	 75	-111	 494
	-69	-172	-575
	 64	 406	 151
	 92	-21	 576
	 4	 0	 156
	 218	-271	 115
	 426	 31	 343
	-5	-400	 685
	 128	-49	-586
	 8	 478	 492
	 52	-65	 743
	-15	-192	 301
	 94	-113	 488
	-66	-161	-570
	 69	 398	 163
	 96	-21	 580
	-6	 12	 164
	 213	-264	 129
	 427	 26	 356
	-4	-394	 677
	 136	-46	-580
	 0	 473	 493
	 56	-58	 743
	-16	-188	 305
	 75	-109	 478
	-63	-153	-570
	 64	 408	 149
	 94	-21	 563
	 3	 6	 155
	 223	-259	 104
	 442	 24	 351
	-1	-397	 680
	 139	-43	-567
	 16	 462	 488
	 55	-71	 746
	-13	-181	 290
	 81	-124	 493
	-71	-163	-574
	 69	 400	 142
	 92	-31	 570
	 0	 7	 144
	 233	-263	 96
	 429	 26	 351
	-3	-397	 673
	 132	-54	-571
	 8	 483	 473
	 59	-51	 749
	-17	-177	 292
	 79	-115	 466
	-57	-171	-575
	 68	 397	 154
	 98	-20	 551
	 11	 0	 167
	 227	-262	 122
	 437	 28	 365
	 1	-393	 692
	 140	-41	-564
	 14	 461	 497
	 54	-56	 724
	-8	-189	 301
	 83	-114	 501
	-63	-166	-591
	 62	 408	 141
	 104	-28	 554
	-12	 4	 165
	 227	-276	 113
	 425	 17	 342
	-7	-405	 673
	 125	-46	-571
	 6	 476	 499
	 48	-54	 736
	-6	-185	 294
	 85	-115	 487
	-58	-173	-576
	 63	 403	 149
	 95	-24	 568
	-4	 5	 136
	 227	-269	 122
	 431	 39	 349
	-9	-396	 668
	 129	-54	-580
	 11	 468	 504
	 53	-56	 750
	-9	-189	 307
	 81	-113	 480
	-68	-174	-579
	 61	 388	 161
	 95	-35	 565
	-8	 1	 168
	 219	-271	 129
	 429	 28	 355
	-1	-397	 682
	 137	-38	-575
	 9	 467	 477
	 50	-55	 732
	-3	-185	 302
	 87	-116	 491
	-60	-169	-559
	 63	 406	 157
	 97	-23	 583
	 3	 6	 190
	 210	-262	 134
	 426	 23	 359
	-5	-394	 681
	 134	-48	-570
	 9	 465	 508
	 51	-52	 743
	-14	-179	 303
	 73	-112	 485
	-61	-170	-575
	 58	 396	 150
	 100	-9	 571
	-2	 3	 155
	 226	-272	 125
	 429	 22	 351
	 5	-404	 678
	 134	-46	-567
	 5	 464	 488
	 57	-64	 731
	-11	-184	 307
	 88	-119	 474
	-74	-172	-556
	 55	 408	 147
	 94	-15	 564
	 3	 0	 157
	 230	-268	 111
	 440	 27	 359
	-7	-402	 678
	 126	-52	-585
	 10	 464	 493
	 60	-65	 725
	-24	-190	 304
	 87	-112	 502
	-63	-168	-582
	 68	 395	 142
	 101	-25	 554
	-3	 14	 162
	 235	-264	 118
	 426	 29	 355
	-16	-394	 673
	 127	-53	-591
	 14	 476	 494
	 48	-54	 739
	-11	-189	 296
	 84	-116	 485
	-63	-170	-580
	 64	 394	 141
	 102	-19	 565
	-1	 0	 171
	 217	-262	 123
	 432	 35	 376
	 3	-396	 689
	 127	-47	-575
