X	Y	Z
-30	 494	 471
 32	-87	 774
-38	-139	 291
 79	-136	 554
-78	-158	-537
 64	 371	 196
 92	-15	 577
 10	 28	 191
 230	-231	 166
 465	 88	 447
 5	-388	 703
 190	-36	-476
-27	 488	 463
 20	-85	 739
-43	-149	 298
 60	-115	 527
-78	-165	-576
 70	 384	 188
 101	-18	 588
 10	 18	 181
 230	-222	 159
 449	 91	 437
 17	-369	 712
 188	-31	-472
-28	 487	 495
 16	-84	 764
-46	-128	 289
 69	-130	 529
-72	-154	-563
 74	 365	 191
 99	-16	 586
 5	 18	 185
 223	-217	 154
 454	 88	 451
 3	-375	 713
 191	-29	-462
-25	 484	 473
 16	-88	 767
-53	-129	 306
 60	-120	 548
-74	-155	-543
 67	 366	 195
 101	-16	 585
 11	 20	 181
 232	-227	 170
 461	 89	 453
 21	-377	 709
 192	-31	-456
-14	 497	 489
 15	-77	 757
-34	-146	 304
 70	-128	 549
-79	-160	-560
 72	 367	 181
 100	-19	 583
 14	 27	 174
 222	-231	 158
 463	 78	 452
 6	-376	 693
 189	-33	-483
-27	 500	 486
 15	-80	 766
-38	-129	 313
 66	-125	 550
-77	-164	-549
 69	 363	 187
 97	-15	 583
 18	 31	 186
 230	-227	 157
 457	 85	 445
 6	-371	 693
 204	-35	-486
-16	 488	 475
 11	-87	 752
-43	-135	 297
 62	-131	 531
-69	-151	-546
 67	 372	 182
 95	-26	 589
 15	 27	 194
 231	-213	 151
 456	 77	 445
 15	-380	 705
 186	-38	-460
-19	 481	 475
 7	-83	 763
-41	-132	 306
 83	-124	 521
-78	-162	-567
 64	 377	 200
 91	-16	 578
 18	 21	 179
 234	-227	 168
 452	 95	 438
 22	-376	 712
 194	-36	-468
-19	 497	 466
 22	-77	 769
-33	-145	 314
 63	-121	 531
-74	-161	-544
 77	 376	 189
 96	-22	 595
 23	 24	 187
 230	-221	 159
 460	 85	 437
 7	-379	 692
 194	-34	-470
-29	 479	 455
 20	-81	 745
-59	-132	 300
 61	-122	 536
-73	-159	-558
 63	 378	 181
 92	-25	 592
 4	 21	 190
 227	-211	 163
 456	 88	 455
 18	-390	 703
 193	-33	-459
-21	 492	 477
 24	-80	 752
-35	-141	 295
 68	-130	 525
-75	-168	-552
 70	 368	 200
 106	-22	 596
 11	 21	 187
 236	-219	 152
 456	 89	 442
 16	-371	 730
 183	-31	-468
-20	 502	 493
 22	-86	 740
-35	-148	 310
 74	-124	 548
-72	-167	-557
 74	 376	 196
 92	-22	 592
 3	 32	 199
 245	-221	 150
 448	 78	 448
 10	-368	 696
 192	-36	-474
-28	 485	 480
 14	-79	 760
-42	-148	 303
 61	-134	 544
-72	-170	-575
 66	 369	 200
 108	-24	 588
 14	 32	 202
 240	-220	 151
 457	 82	 469
 10	-385	 703
 197	-14	-480
-24	 477	 460
 7	-82	 757
-43	-141	 291
 58	-124	 546
-79	-161	-556
 65	 372	 188
 88	-15	 584
 8	 24	 168
 240	-216	 151
 460	 82	 441
 14	-381	 712
 195	-26	-490
-28	 496	 489
 21	-84	 759
-51	-140	 321
 68	-131	 538
-66	-161	-540
 70	 372	 193
 92	-26	 611
 16	 23	 192
 221	-223	 161
 464	 79	 440
 16	-377	 717
 186	-33	-482
-35	 492	 491
 25	-83	 739
-38	-131	 311
 65	-133	 530
-63	-161	-570
 69	 377	 167
 93	-18	 589
 20	 29	 192
 242	-224	 163
 452	 86	 444
 10	-379	 712
 187	-30	-470
-30	 496	 477
 5	-83	 751
-47	-146	 315
 56	-123	 520
-86	-149	-549
 71	 379	 181
 90	-20	 585
 21	 19	 172
 224	-221	 160
 453	 84	 449
 8	-373	 705
 189	-33	-482
-26	 487	 491
 20	-89	 764
-40	-143	 313
 56	-132	 526
-82	-157	-569
 73	 372	 180
 98	-22	 600
 17	 26	 182
 226	-220	 149
 462	 91	 450
 7	-384	 710
 199	-32	-470
-19	 487	 466
 18	-89	 784
-31	-142	 301
 69	-122	 533
-78	-168	-553
 71	 371	 195
 96	-18	 602
 18	 31	 181
 230	-219	 155
 456	 84	 434
 17	-378	 709
 193	-27	-458
-22	 490	 462
 22	-94	 750
-39	-142	 296
 79	-110	 549
-81	-163	-560
 69	 376	 171
 97	-22	 574
 17	 23	 175
 225	-223	 155
 454	 93	 457
 1	-375	 698
 197	-34	-465
-19	 487	 459
 17	-83	 759
-39	-142	 306
 77	-135	 536
-83	-164	-555
 78	 365	 215
 102	-8	 594
 10	 20	 174
 228	-215	 171
 453	 80	 456
 9	-376	 712
 196	-42	-470
-29	 495	 490
 16	-89	 770
-44	-129	 294
 75	-126	 527
-65	-162	-581
 73	 368	 194
 99	-22	 578
 20	 24	 167
 232	-219	 161
 448	 86	 443
 4	-386	 705
 189	-41	-466
-27	 491	 491
 15	-84	 746
-45	-148	 310
 84	-127	 544
-76	-158	-556
 68	 370	 196
 107	-15	 585
 18	 33	 173
 240	-230	 152
 441	 90	 450
 11	-379	 721
 181	-42	-464
-33	 488	 485
 30	-96	 756
-40	-146	 289
 75	-123	 530
-75	-160	-571
 72	 372	 182
 94	-20	 596
 19	 21	 174
 232	-224	 164
 462	 80	 459
 12	-378	 715
 190	-32	-472
-19	 491	 485
 18	-85	 752
-34	-149	 301
 71	-127	 530
-71	-158	-557
 77	 365	 197
 94	-19	 576
 20	 25	 190
 245	-221	 145
 452	 85	 436
 9	-379	 711
 191	-34	-483
-39	 495	 470
 12	-97	 771
-39	-136	 288
 61	-134	 548
-72	-168	-559
 72	 372	 191
 99	-18	 616
 14	 29	 187
 234	-227	 169
 457	 83	 454
 6	-379	 715
 195	-37	-489
-24	 492	 477
 19	-83	 753
-44	-140	 296
 72	-132	 547
-76	-165	-550
 70	 371	 198
 106	-14	 580
 19	 40	 204
 226	-213	 167
 454	 88	 432
 3	-380	 705
 189	-37	-479
-32	 483	 477
 20	-90	 763
-47	-142	 302
 59	-117	 533
-78	-151	-560
 66	 376	 173
 94	-15	 588
 10	 25	 175
 239	-218	 161
 459	 86	 454
-4	-382	 708
 189	-29	-471
-27	 485	 470
 28	-91	 749
-41	-133	 276
 61	-125	 537
-73	-152	-548
 63	 362	 190
 94	-20	 599
 17	 31	 194
 231	-208	 159
 464	 91	 449
 16	-380	 717
 199	-31	-475
-27	 494	 474
 19	-91	 746
-38	-139	 318
 64	-129	 534
-81	-160	-574
 72	 371	 211
 89	-19	 593
 19	 20	 187
 228	-220	 146
 446	 88	 440
 7	-375	 707
 193	-37	-476
-26	 494	 478
 17	-79	 774
-44	-135	 300
 68	-126	 530
-70	-170	-553
 74	 378	 186
 94	-16	 598
 14	 23	 194
 231	-222	 150
 452	 88	 444
 11	-377	 719
 181	-27	-476
-30	 493	 465
 15	-86	 751
-46	-142	 304
 69	-133	 539
-71	-152	-546
 67	 378	 189
 96	-12	 587
 31	 16	 177
 230	-218	 161
 457	 77	 431
 1	-383	 697
 196	-32	-459
-30	 502	 453
 28	-84	 751
-48	-140	 326
 62	-126	 534
-72	-158	-547
 65	 377	 193
 94	-11	 592
 16	 9	 170
 234	-224	 162
 442	 97	 454
 8	-385	 700
 193	-33	-452
-25	 495	 490
 20	-95	 729
-47	-138	 303
 58	-130	 520
-71	-162	-560
 66	 369	 201
 99	-13	 598
 14	 30	 180
 239	-220	 158
 452	 72	 455
 4	-379	 709
 196	-26	-456
-27	 495	 474
 13	-86	 772
-46	-142	 305
 69	-133	 541
-76	-166	-575
 65	 367	 177
 98	-13	 604
 26	 36	 190
 232	-227	 164
 454	 88	 438
 18	-386	 692
 202	-34	-490
-28	 488	 487
 20	-88	 783
-48	-139	 298
 68	-126	 555
-75	-159	-554
 72	 364	 187
 95	-16	 577
 15	 24	 169
 239	-223	 148
 459	 94	 454
 15	-374	 711
 194	-25	-478
-33	 495	 476
 17	-83	 772
-35	-142	 304
 70	-112	 526
-76	-151	-550
 67	 372	 178
 98	-18	 579
 18	 14	 188
 230	-222	 162
 452	 88	 455
 18	-386	 715
 195	-37	-455
-28	 484	 501
 1	-84	 766
-38	-139	 299
 62	-122	 540
-73	-151	-553
 66	 368	 194
 103	-20	 574
 11	 23	 174
 232	-223	 159
 460	 93	 439
 9	-377	 730
 190	-34	-475
-39	 492	 499
 21	-85	 742
-30	-130	 312
 64	-128	 545
-79	-157	-550
 71	 371	 184
 92	-19	 589
 11	 24	 167
 222	-223	 142
 459	 84	 460
 15	-380	 711
 205	-31	-468
-29	 490	 484
 27	-83	 754
-46	-136	 308
 65	-125	 548
-81	-158	-555
 65	 378	 202
 87	-8	 585
 16	 26	 171
 231	-222	 152
 459	 77	 438
 10	-378	 724
 189	-24	-469
-21	 495	 471
 16	-83	 751
-49	-146	 318
 68	-125	 545
-80	-154	-556
 72	 364	 190
 87	-27	 591
 23	 18	 182
 240	-215	 160
 460	 92	 437
 12	-371	 697
 192	-24	-469
-28	 488	 473
 21	-79	 772
-50	-140	 296
 57	-131	 535
-68	-147	-550
 66	 371	 179
 107	-9	 582
 20	 24	 187
 227	-218	 153
 459	 93	 453
 15	-392	 727
 202	-27	-455
-29	 480	 481
 29	-76	 771
-41	-139	 306
 63	-128	 538
-80	-158	-572
 74	 371	 186
 102	-30	 580
 15	 28	 191
 225	-221	 158
 468	 82	 445
 8	-383	 718
 199	-30	-480
-21	 490	 477
 6	-84	 737
-42	-140	 293
 71	-131	 520
-74	-156	-554
 70	 364	 202
 104	-22	 598
 16	 19	 187
 234	-219	 155
 472	 85	 438
 16	-379	 708
 193	-37	-481
-25	 486	 490
 15	-83	 762
-39	-132	 289
 64	-137	 535
-72	-160	-554
 62	 374	 188
 86	-15	 595
 19	 18	 188
 236	-224	 164
 454	 93	 441
 9	-377	 703
 184	-36	-471
-26	 491	 482
 19	-91	 772
-33	-148	 305
 64	-127	 523
-79	-164	-557
 74	 368	 199
 90	-20	 570
 15	 28	 195
 229	-214	 168
 465	 90	 457
 16	-389	 740
 184	-36	-469
-27	 491	 503
 18	-71	 755
-36	-143	 306
 70	-121	 550
-82	-157	-564
 69	 375	 204
 98	-19	 584
 21	 23	 173
 236	-215	 149
 461	 82	 451
 15	-383	 711
 195	-28	-468
-12	 480	 478
 21	-94	 773
-40	-144	 306
 67	-131	 539
-82	-151	-573
 76	 374	 187
 91	-21	 582
 17	 21	 181
 227	-219	 155
 465	 91	 450
 12	-392	 728
 188	-32	-474
-19	 497	 480
 17	-81	 750
-28	-135	 293
 71	-131	 547
-82	-162	-552
 72	 384	 190
 104	-33	 584
 18	 30	 177
 225	-227	 162
 466	 85	 438
 8	-374	 710
 201	-21	-454
-24	 488	 457
 20	-80	 755
-39	-145	 299
 69	-127	 551
-72	-160	-554
 75	 370	 189
 87	-20	 588
 19	 29	 181
 234	-226	 161
 452	 88	 450
 18	-383	 704
 192	-31	-471
-29	 488	 482
 25	-81	 756
-39	-140	 288
 54	-118	 547
-71	-159	-571
 70	 369	 192
 89	-11	 587
 17	 16	 172
 234	-229	 169
 461	 89	 458
 20	-381	 712
 187	-40	-464
-24	 483	 466
 17	-87	 755
-44	-141	 296
 57	-121	 529
-72	-157	-545
 65	 369	 193
 96	-19	 587
 20	 17	 172
 234	-218	 148
 460	 88	 453
 6	-392	 707
 194	-32	-457
-26	 488	 484
 18	-81	 779
-30	-131	 304
 67	-133	 523
-74	-149	-552
 75	 371	 189
 98	-28	 598
 12	 30	 189
 234	-225	 135
 452	 84	 463
 3	-385	 710
 190	-27	-456
-14	 488	 484
 16	-85	 777
-47	-146	 316
 71	-127	 537
-81	-159	-550
 66	 372	 197
 92	-20	 590
 22	 32	 186
 237	-227	 152
 455	 83	 454
 15	-382	 712
 190	-24	-482
-27	 482	 467
 20	-87	 749
-48	-142	 299
 71	-128	 528
-65	-165	-541
 82	 377	 190
 102	-17	 569
 18	 19	 182
 237	-225	 164
 445	 84	 449
 9	-379	 716
 192	-32	-443
-35	 483	 480
 16	-88	 744
-36	-150	 316
 73	-126	 537
-72	-160	-571
 75	 366	 211
 95	-20	 599
 23	 21	 196
 230	-222	 139
 458	 84	 443
 10	-377	 715
 198	-32	-463
-31	 486	 478
 18	-92	 772
-40	-133	 313
 72	-132	 558
-71	-160	-551
 69	 364	 189
 99	-24	 588
 13	 19	 191
 221	-217	 159
 459	 68	 436
 5	-376	 720
 187	-24	-474
-23	 501	 459
 19	-87	 773
-36	-140	 300
 62	-124	 533
-66	-161	-566
 70	 368	 187
 104	-15	 590
 0	 23	 185
 233	-223	 152
 471	 82	 441
 14	-374	 710
 192	-43	-453
-27	 488	 483
 12	-85	 764
-46	-147	 311
 76	-124	 546
-78	-148	-540
 70	 375	 193
 96	-15	 578
 20	 20	 187
 231	-224	 149
 462	 87	 447
 9	-379	 695
 198	-34	-469
-29	 483	 466
 20	-85	 750
-43	-149	 317
 67	-134	 520
-65	-162	-561
 68	 371	 176
 95	-12	 597
 15	 33	 185
 227	-215	 157
 465	 84	 438
 9	-380	 710
 196	-28	-470
-18	 489	 488
 26	-89	 757
-49	-143	 294
 66	-133	 532
-66	-163	-553
 72	 373	 186
 95	-23	 580
 6	 18	 191
 232	-225	 144
 458	 85	 447
 6	-378	 691
 197	-37	-468
-16	 494	 483
 12	-84	 766
-43	-140	 292
 69	-134	 542
-72	-165	-565
 70	 374	 180
 95	-16	 587
 17	 11	 190
 225	-216	 146
 455	 80	 463
 27	-390	 712
 188	-32	-465
-29	 485	 474
 18	-85	 757
-31	-135	 309
 69	-120	 532
-84	-157	-559
 66	 371	 191
 95	-11	 585
 11	 25	 177
 228	-222	 135
 456	 90	 437
 9	-385	 697
 188	-39	-487
-17	 488	 482
 21	-91	 755
-50	-142	 300
 68	-124	 548
-73	-157	-540
 74	 376	 185
 101	-23	 577
 17	 24	 185
 244	-235	 162
 462	 95	 436
 29	-374	 697
 188	-36	-475
-14	 475	 470
 17	-91	 754
-41	-145	 283
 63	-126	 560
-76	-168	-552
 75	 363	 190
 97	-22	 596
 17	 23	 186
 226	-231	 146
 456	 82	 445
 11	-374	 705
 203	-35	-485
-25	 489	 472
 12	-87	 748
-51	-135	 312
 67	-129	 548
-81	-160	-546
 83	 364	 178
 95	-19	 590
 14	 14	 162
 231	-219	 153
 464	 82	 469
 13	-373	 720
 203	-30	-480
-23	 493	 478
 17	-84	 767
-38	-142	 306
 75	-131	 527
-75	-168	-557
 70	 374	 181
 90	-23	 601
 13	 28	 193
 223	-219	 160
 455	 81	 471
 15	-375	 715
 199	-38	-464
-24	 490	 470
 11	-91	 764
-38	-142	 307
 70	-124	 538
-77	-165	-543
 81	 370	 198
 95	-28	 584
 18	 25	 198
 222	-223	 156
 467	 78	 463
 14	-362	 703
 195	-32	-492
-14	 495	 480
 26	-86	 753
-41	-144	 298
 72	-127	 535
-65	-167	-546
 75	 369	 194
 107	-12	 573
 8	 25	 175
 226	-220	 166
 466	 88	 429
 26	-377	 720
 193	-36	-470
-28	 488	 472
 19	-87	 756
-42	-136	 301
 72	-127	 543
-80	-161	-552
 75	 361	 175
 97	-16	 596
 14	 32	 181
 225	-225	 151
 457	 86	 450
 14	-381	 722
 191	-27	-473
-19	 490	 497
 23	-97	 759
-42	-141	 303
 73	-137	 556
-75	-153	-559
 68	 362	 182
 92	-5	 594
 21	 20	 197
 223	-222	 139
 463	 91	 453
 12	-367	 723
 190	-32	-450
-24	 497	 475
 25	-80	 768
-44	-139	 306
 75	-135	 525
-76	-168	-559
 70	 371	 191
 102	-24	 586
 16	 16	 187
 232	-221	 149
 456	 85	 450
 15	-372	 727
 187	-34	-466
-34	 493	 464
 16	-73	 759
-45	-145	 303
 69	-130	 548
-69	-160	-543
 56	 378	 203
 109	-7	 582
 20	 19	 200
 238	-226	 151
 460	 85	 450
 8	-387	 709
 194	-31	-469
-21	 488	 466
 19	-83	 766
-46	-130	 315
 73	-123	 548
-71	-155	-560
 71	 375	 188
 94	-12	 587
 7	 33	 180
 239	-225	 157
 447	 88	 442
 15	-383	 710
 195	-33	-478
-38	 491	 485
 17	-91	 755
-28	-135	 290
 72	-130	 528
-78	-161	-549
 62	 373	 170
 102	-17	 576
 9	 27	 190
 242	-227	 165
 462	 91	 463
 9	-371	 707
 194	-35	-468
-33	 485	 468
 18	-89	 743
-44	-142	 318
 67	-124	 529
-69	-165	-562
 74	 372	 184
 100	-12	 575
 15	 19	 190
 232	-217	 155
 444	 85	 462
 12	-381	 691
 195	-38	-475
-22	 497	 474
 25	-69	 752
-44	-146	 302
 71	-119	 540
-69	-156	-545
 81	 364	 170
 101	-21	 597
 12	 20	 178
 230	-214	 149
 452	 74	 447
 3	-386	 727
 198	-28	-470
-27	 501	 479
 8	-89	 756
-48	-137	 303
 62	-135	 543
-82	-169	-531
 57	 369	 181
 96	-15	 597
 13	 17	 193
 225	-216	 155
 452	 85	 450
 15	-386	 714
 180	-27	-490
-21	 487	 471
 21	-99	 758
-43	-137	 305
 66	-134	 540
-77	-156	-543
 71	 366	 196
 92	-20	 577
 23	 21	 172
 233	-222	 153
 463	 84	 448
 5	-380	 726
 194	-34	-478
-30	 504	 483
 19	-91	 748
-47	-144	 303
 61	-115	 540
-74	-169	-563
 66	 375	 176
 103	-23	 588
 14	 20	 194
 225	-222	 142
 469	 83	 440
 14	-371	 710
 198	-35	-468
-27	 497	 486
 14	-87	 752
-38	-146	 313
 60	-125	 534
-66	-155	-563
 70	 372	 185
 107	-24	 575
 16	 28	 196
 216	-223	 158
 461	 88	 452
 16	-380	 704
 192	-38	-472
-29	 487	 481
 15	-81	 762
-44	-138	 317
 70	-113	 540
-71	-163	-554
 79	 373	 191
 98	-12	 589
 19	 30	 184
 225	-218	 146
 458	 80	 463
 11	-395	 705
 197	-33	-466
-24	 481	 485
 15	-96	 766
-42	-143	 299
 54	-125	 525
-79	-153	-552
 78	 362	 200
 98	-25	 582
 11	 22	 179
 230	-217	 155
 466	 93	 445
 23	-379	 708
 185	-33	-480
-22	 487	 487
 15	-89	 770
-41	-141	 297
 63	-122	 533
-71	-159	-563
 75	 378	 188
 97	-23	 564
 9	 19	 194
 238	-221	 161
 459	 81	 433
 10	-377	 700
 199	-40	-470
-25	 473	 475
 17	-90	 744
-43	-140	 304
 67	-123	 523
-80	-155	-550
 74	 370	 190
 97	-16	 589
 10	 25	 213
 229	-217	 169
 457	 81	 445
 11	-389	 721
 186	-22	-483
-25	 494	 466
 8	-88	 744
-52	-142	 306
 75	-122	 543
-72	-159	-557
 63	 365	 191
 88	-23	 597
 19	 24	 192
 220	-217	 147
 459	 81	 433
 9	-380	 712
 190	-27	-462
-21	 497	 506
 21	-97	 751
-48	-133	 287
 68	-127	 540
-75	-155	-563
 66	 363	 195
 98	-22	 579
 13	 25	 193
 230	-224	 162
 459	 89	 444
 15	-368	 709
 191	-41	-459
-34	 498	 483
 13	-89	 757
-38	-139	 299
 70	-121	 519
-68	-152	-558
 68	 366	 168
 95	-23	 586
 20	 27	 173
 228	-221	 157
 459	 80	 445
 5	-372	 716
 194	-26	-464
-26	 489	 487
 19	-84	 757
-29	-134	 299
 70	-128	 532
-77	-164	-562
 73	 391	 199
 95	-12	 594
 19	 18	 169
 233	-223	 154
 448	 87	 442
 21	-381	 718
 203	-33	-471
-20	 502	 468
 6	-79	 760
-39	-136	 296
 69	-115	 526
-68	-159	-566
 74	 374	 186
 98	-17	 610
 19	 20	 181
 234	-234	 156
 453	 78	 431
 9	-382	 705
 195	-35	-463
-26	 480	 490
 17	-93	 752
-40	-148	 285
 66	-121	 534
-86	-149	-555
 65	 370	 176
 89	-18	 592
 19	 20	 185
 232	-223	 154
 455	 86	 438
 0	-377	 711
 188	-32	-480
-37	 489	 486
 5	-77	 749
-44	-139	 299
 69	-125	 544
-75	-158	-574
 74	 376	 183
 98	-24	 597
 7	 19	 202
 239	-213	 173
 463	 80	 434
 12	-386	 708
 190	-35	-478
-23	 486	 475
 25	-85	 739
-33	-151	 300
 72	-117	 529
-74	-161	-550
 76	 369	 191
 101	-12	 577
 16	 22	 181
 234	-222	 159
 471	 84	 436
 18	-367	 720
 194	-31	-480
-28	 490	 458
 19	-88	 754
-42	-146	 319
 68	-128	 529
-71	-161	-567
 68	 379	 165
 103	-23	 611
 19	 23	 190
 222	-218	 148
 459	 89	 445
 13	-378	 697
 190	-40	-448
-25	 493	 491
 13	-85	 751
-53	-139	 295
 72	-134	 549
-68	-155	-551
 76	 366	 188
 93	-18	 587
 12	 24	 187
 229	-219	 170
 461	 88	 426
 8	-390	 712
 188	-33	-468
-26	 491	 472
 10	-86	 755
-35	-144	 299
 67	-125	 535
-75	-171	-552
 58	 368	 181
 101	-9	 600
 16	 19	 190
 232	-216	 161
 465	 88	 462
 9	-389	 713
 189	-37	-467
-30	 492	 467
 13	-99	 757
-46	-138	 304
 65	-137	 528
-74	-164	-563
 64	 372	 177
 98	-24	 588
 9	 24	 189
 231	-230	 143
 466	 80	 436
 11	-384	 737
 198	-24	-455
-23	 493	 477
 11	-90	 757
-36	-136	 308
 74	-122	 542
-75	-157	-557
 63	 365	 189
 97	-14	 588
 16	 31	 174
 235	-219	 154
 460	 81	 419
 0	-383	 704
 193	-33	-464
-27	 494	 488
 12	-78	 775
-43	-136	 302
 67	-140	 541
-76	-161	-573
 63	 369	 182
 94	-24	 581
 8	 30	 197
 226	-223	 162
 451	 79	 449
 10	-381	 701
 182	-31	-470
-26	 489	 486
 20	-79	 755
-38	-156	 303
 75	-118	 539
-78	-152	-575
 71	 381	 192
 101	-19	 592
 19	 25	 174
 238	-217	 162
 463	 81	 440
 5	-392	 714
 187	-35	-464
-24	 490	 481
 27	-92	 745
-42	-138	 295
 68	-129	 515
-79	-157	-552
 69	 365	 176
 94	-14	 589
 19	 20	 189
 229	-216	 179
 457	 90	 423
 19	-379	 710
 193	-40	-476
-38	 493	 468
 23	-78	 750
-40	-131	 292
 61	-122	 533
-83	-171	-564
 69	 366	 191
 99	-14	 585
 25	 28	 194
 226	-214	 137
 459	 88	 451
 7	-384	 704
 185	-35	-472
-29	 490	 481
 24	-91	 759
-41	-130	 307
 69	-127	 538
-70	-161	-566
 71	 369	 188
 98	-21	 567
 13	 20	 191
 224	-229	 159
 451	 88	 440
 14	-370	 713
 204	-27	-479
-33	 494	 483
 24	-89	 747
-33	-139	 316
 78	-130	 533
-74	-154	-579
 74	 363	 169
 99	-23	 587
 15	 16	 184
 227	-229	 135
 461	 95	 452
 4	-381	 707
 198	-35	-485
-30	 485	 469
 21	-77	 783
-45	-146	 305
 75	-118	 527
-79	-161	-553
 74	 376	 194
 95	-31	 594
 14	 23	 191
 233	-219	 158
 471	 84	 442
 4	-379	 720
 193	-27	-463
-18	 502	 465
 17	-80	 757
-43	-143	 318
 69	-118	 543
-67	-160	-571
 63	 379	 174
 91	-16	 592
 11	 22	 200
 225	-225	 162
 464	 86	 436
 6	-391	 703
 192	-37	-489
-28	 489	 473
 18	-80	 774
-31	-142	 308
 72	-124	 539
-75	-162	-553
 69	 377	 196
 105	-22	 578
 10	 16	 176
 224	-222	 145
 455	 84	 456
 18	-377	 710
 195	-41	-470
-26	 482	 453
 14	-84	 758
-39	-141	 301
 63	-136	 530
-78	-159	-552
 71	 357	 192
 94	-19	 597
 18	 19	 190
 228	-217	 166
 454	 93	 445
 9	-367	 702
 190	-35	-474
-24	 493	 478
 10	-79	 739
-45	-137	 311
 65	-124	 546
-84	-156	-546
 58	 374	 202
 102	-9	 584
 18	 25	 191
 220	-219	 166
 457	 80	 448
 0	-381	 713
 191	-29	-454
-23	 494	 484
 11	-84	 764
-47	-137	 308
 61	-123	 525
-77	-153	-554
 71	 372	 189
 101	-14	 593
 10	 25	 191
 232	-224	 161
 456	 86	 452
 14	-373	 711
 189	-33	-492
-23	 498	 466
 20	-93	 772
-32	-141	 297
 63	-136	 537
-76	-161	-568
 77	 373	 190
 97	-23	 571
 20	 18	 179
 232	-219	 172
 456	 88	 440
 3	-387	 719
 193	-37	-453
-22	 485	 475
 18	-86	 737
-47	-138	 307
 68	-124	 555
-80	-165	-546
 59	 368	 189
 100	-11	 584
 7	 28	 162
 218	-218	 147
 450	 81	 444
 10	-374	 704
 192	-33	-475
-30	 488	 467
 8	-83	 760
-42	-141	 307
 67	-132	 544
-76	-164	-566
 76	 372	 196
 101	-6	 591
 16	 14	 180
 228	-218	 145
 459	 95	 453
 13	-384	 704
 198	-36	-462
-22	 494	 470
 19	-99	 752
-42	-147	 303
 66	-127	 542
-62	-166	-554
 56	 374	 197
 104	-28	 598
 16	 31	 185
 227	-231	 150
 449	 86	 446
 5	-378	 705
 190	-36	-477
-28	 489	 485
 17	-89	 744
-36	-140	 290
 71	-127	 541
-84	-162	-567
 56	 370	 184
 101	-10	 579
 15	 26	 189
 244	-234	 142
 466	 88	 457
 5	-380	 700
 197	-35	-478
-29	 496	 487
 12	-99	 761
-43	-135	 315
 68	-134	 522
-71	-157	-542
 70	 366	 191
 104	-20	 599
 17	 20	 178
 231	-226	 141
 469	 87	 463
 11	-381	 700
 183	-36	-475
-19	 484	 480
 17	-82	 774
-36	-140	 296
 67	-121	 528
-80	-168	-580
 67	 386	 166
 92	-16	 597
 7	 14	 179
 230	-224	 169
 460	 91	 448
 14	-375	 699
 187	-29	-487
-37	 499	 482
 21	-91	 749
-47	-141	 313
 70	-122	 537
-76	-154	-555
 66	 372	 181
 99	-20	 607
 16	 25	 194
 226	-225	 169
 463	 90	 447
 16	-389	 697
 196	-43	-463
-31	 495	 492
 24	-94	 780
-36	-130	 303
 67	-125	 525
-78	-165	-560
 72	 374	 179
 109	-20	 598
 28	 13	 187
 234	-223	 141
 461	 84	 424
 16	-369	 707
 191	-33	-470
-32	 494	 482
 18	-88	 760
-48	-146	 314
 74	-128	 533
-76	-167	-551
 68	 373	 196
 90	-13	 586
 30	 20	 193
 240	-225	 159
 454	 92	 469
 9	-382	 722
 189	-28	-478
-30	 493	 469
 14	-81	 776
-40	-137	 323
 60	-127	 545
-75	-158	-545
 74	 367	 189
 100	-23	 585
 6	 23	 189
 225	-224	 168
 458	 80	 442
 4	-380	 717
 184	-35	-482
-30	 494	 495
 14	-90	 754
-47	-131	 295
 79	-125	 554
-80	-153	-552
 71	 369	 191
 91	-20	 604
 6	 24	 175
 217	-235	 132
 468	 74	 440
 12	-388	 706
 197	-34	-470
-29	 491	 480
 16	-93	 742
-37	-137	 296
 66	-121	 535
-72	-158	-546
 74	 367	 189
 88	-16	 592
 28	 18	 186
 230	-222	 172
 461	 85	 432
 7	-379	 717
 202	-38	-473
-27	 484	 477
 3	-85	 761
-47	-136	 303
 61	-131	 520
-72	-170	-565
 71	 368	 187
 104	-13	 578
 13	 31	 191
 228	-224	 155
 460	 89	 452
 12	-379	 730
 185	-30	-480
-23	 488	 487
 19	-88	 738
-43	-134	 317
 64	-129	 549
-79	-153	-533
 72	 369	 196
 102	-17	 585
 12	 19	 195
 233	-222	 152
 442	 82	 438
 4	-379	 700
 184	-41	-476
-15	 488	 488
 15	-86	 742
-42	-142	 315
 65	-125	 557
-75	-154	-573
 66	 371	 187
 95	-17	 575
 21	 41	 193
 236	-233	 154
 452	 88	 443
 5	-375	 717
 190	-28	-479
-36	 487	 471
 24	-89	 741
-44	-154	 313
 61	-126	 543
-82	-156	-554
 76	 378	 181
 110	-21	 584
 20	 29	 198
 222	-222	 161
 466	 85	 449
 2	-383	 701
 196	-37	-467
-29	 484	 494
 18	-96	 754
-43	-144	 301
 66	-130	 544
-72	-157	-561
 75	 382	 191
 100	-23	 593
 19	 17	 184
 237	-223	 153
 449	 79	 446
 14	-375	 706
 191	-41	-474
-25	 489	 473
 22	-87	 734
-37	-142	 301
 72	-120	 550
-87	-149	-552
 64	 376	 182
 100	-4	 608
 21	 28	 188
 232	-219	 173
 457	 81	 437
 7	-384	 717
 194	-32	-480
-23	 485	 491
 15	-82	 754
-52	-148	 295
 66	-122	 533
-82	-160	-556
 67	 368	 191
 100	-25	 583
 16	 18	 184
 231	-216	 148
 457	 87	 452
 10	-379	 712
 193	-18	-475
-26	 487	 478
 11	-85	 760
-50	-136	 316
 61	-128	 543
-75	-161	-556
 67	 376	 204
 95	-17	 585
 18	 25	 169
 232	-220	 157
 462	 88	 440
 17	-386	 702
 198	-38	-464
-30	 482	 474
 9	-93	 776
-37	-147	 309
 77	-127	 518
-82	-171	-552
 63	 368	 200
 96	-15	 596
 13	 12	 194
 229	-227	 153
 452	 90	 459
 8	-374	 704
 202	-27	-470
-26	 489	 464
 15	-81	 761
-50	-141	 311
 62	-130	 530
-75	-157	-562
 72	 360	 166
 97	-10	 596
 8	 25	 166
 238	-219	 156
 460	 85	 455
 17	-378	 718
 195	-38	-482
-27	 492	 473
 34	-80	 767
-39	-141	 306
 49	-120	 524
-65	-155	-560
 66	 375	 199
 108	-12	 580
 23	 15	 182
 226	-233	 148
 451	 87	 446
 12	-381	 708
 203	-30	-463
-19	 487	 480
 9	-86	 757
-40	-139	 303
 83	-133	 527
-71	-158	-553
 67	 372	 198
 102	-19	 591
 13	 26	 179
 231	-228	 145
 459	 85	 448
 6	-379	 697
 196	-32	-470
-27	 491	 492
 8	-81	 747
-37	-142	 305
 74	-131	 540
-79	-159	-550
 66	 368	 179
 91	-17	 570
 11	 39	 173
 227	-223	 146
 463	 87	 440
 11	-376	 701
 190	-34	-472
-27	 488	 478
 19	-82	 757
-43	-138	 316
 56	-126	 546
-84	-156	-547
 66	 368	 176
 89	-13	 596
 9	 21	 190
 229	-222	 149
 462	 83	 436
 2	-373	 714
 199	-30	-478
-26	 490	 485
 9	-98	 765
-47	-135	 324
 64	-131	 531
-76	-165	-561
 78	 363	 194
 98	-1	 581
 17	 25	 177
 228	-238	 167
 462	 77	 445
 22	-377	 710
 180	-38	-478
-34	 489	 479
 19	-97	 755
-53	-142	 310
 63	-122	 540
-84	-168	-547
 74	 374	 189
 101	-21	 602
 31	 21	 174
 224	-220	 169
 466	 83	 434
 18	-368	 713
 187	-37	-463
-30	 486	 476
 22	-93	 750
-51	-136	 301
 66	-132	 530
-70	-166	-574
 75	 373	 191
 100	-27	 597
 16	 25	 184
 229	-220	 159
 454	 82	 455
 9	-383	 723
 201	-31	-476
-27	 498	 455
 19	-87	 759
-39	-137	 309
 57	-123	 533
-81	-170	-568
 68	 374	 203
 95	-19	 576
 18	 24	 187
 224	-232	 162
 466	 91	 439
 8	-371	 722
 197	-24	-485
-23	 483	 483
 24	-86	 755
-44	-144	 326
 65	-138	 523
-77	-165	-557
 63	 377	 177
 94	-19	 611
 23	 32	 181
 233	-222	 160
 455	 81	 455
 3	-379	 718
 193	-32	-475
-11	 491	 482
 12	-83	 756
-44	-133	 308
 63	-130	 557
-84	-161	-544
 64	 375	 181
 108	-13	 586
 19	 17	 188
 241	-232	 146
 452	 83	 439
 13	-373	 704
 194	-37	-476
-31	 491	 476
 16	-98	 751
-46	-144	 287
 63	-130	 519
-75	-151	-568
 64	 376	 188
 95	-17	 598
 20	 13	 185
 231	-220	 149
 456	 88	 447
 7	-379	 714
 196	-37	-478
-23	 493	 469
 2	-89	 738
-50	-147	 292
 72	-120	 526
-75	-162	-578
 75	 371	 188
 91	-27	 594
 13	 26	 183
 233	-219	 151
 463	 81	 455
 18	-372	 713
 189	-37	-452
-20	 492	 481
 13	-75	 742
-35	-151	 299
 71	-128	 533
-76	-163	-545
 68	 373	 191
 95	-14	 583
 23	 30	 181
 226	-229	 170
 452	 89	 458
 8	-369	 702
 184	-30	-469
-28	 472	 463
 21	-83	 762
-36	-137	 279
 77	-119	 542
-85	-154	-560
 68	 374	 175
 93	-19	 599
 13	 14	 192
 231	-227	 151
 461	 71	 444
 16	-370	 706
 191	-30	-467
-27	 474	 463
 15	-96	 752
-41	-135	 298
 68	-126	 545
-87	-158	-574
 64	 377	 185
 96	-9	 588
 18	 41	 173
 234	-222	 138
 459	 91	 450
 16	-373	 707
 182	-41	-473
-30	 498	 479
 24	-89	 763
-52	-141	 292
 68	-131	 530
-78	-153	-553
 62	 368	 179
 108	-20	 597
 29	 14	 187
 226	-224	 154
 459	 85	 448
 13	-369	 702
 194	-31	-483
-23	 495	 498
 17	-92	 741
-47	-137	 304
 69	-127	 553
-74	-156	-583
 75	 373	 186
 97	-15	 590
 16	 22	 173
 222	-232	 147
 454	 79	 443
 4	-379	 709
 197	-32	-490
-30	 492	 477
 31	-76	 759
-44	-136	 293
 71	-138	 548
-79	-163	-566
 63	 371	 184
 97	-5	 592
 15	 22	 199
 232	-226	 156
 460	 81	 447
 13	-380	 697
 197	-32	-466
-22	 489	 493
 21	-90	 772
-42	-145	 297
 64	-122	 535
-74	-156	-583
 70	 370	 175
 94	-16	 602
 14	 35	 166
 233	-229	 161
 453	 93	 457
 18	-386	 708
 197	-34	-461
-32	 490	 487
 14	-92	 774
-43	-138	 290
 73	-127	 547
-77	-148	-563
 66	 366	 191
 98	-14	 588
 15	 15	 193
 231	-224	 154
 449	 89	 450
 14	-382	 709
 201	-38	-485
-26	 495	 494
 27	-95	 754
-41	-142	 301
 63	-133	 527
-80	-158	-566
 71	 373	 174
 91	-18	 582
 13	 15	 187
 227	-222	 153
 462	 87	 444
 6	-385	 698
 177	-33	-474
-37	 502	 490
 9	-86	 749
-42	-139	 317
 64	-129	 530
-77	-163	-558
 68	 373	 206
 98	-10	 572
 20	 21	 168
 234	-221	 153
 461	 89	 446
 9	-386	 698
 191	-42	-475
-10	 499	 465
 15	-82	 746
-41	-147	 301
 61	-119	 532
-70	-165	-569
 66	 380	 176
 98	-24	 595
 25	 22	 164
 232	-226	 172
 463	 85	 443
 16	-387	 707
 196	-38	-471
-30	 496	 482
 12	-74	 747
-41	-134	 316
 67	-125	 545
-71	-158	-551
 60	 361	 179
 93	-15	 586
 9	 25	 176
 230	-215	 165
 453	 84	 448
 12	-375	 701
 187	-21	-459
-21	 485	 477
 15	-93	 762
-43	-138	 317
 65	-132	 532
-77	-150	-558
 73	 373	 186
 99	-5	 578
 10	 22	 177
 230	-219	 133
 467	 94	 450
 11	-368	 709
 195	-28	-475
-19	 482	 468
 13	-83	 762
-42	-128	 303
 71	-125	 522
-76	-153	-548
 71	 368	 189
 94	-29	 597
 15	 17	 193
 227	-221	 147
 455	 89	 445
 17	-388	 721
 189	-28	-479
-26	 485	 478
 19	-85	 749
-41	-139	 300
 66	-135	 535
-67	-160	-556
 74	 380	 199
 98	-15	 583
 17	 31	 185
 222	-228	 151
 459	 81	 449
 12	-396	 714
 187	-29	-469
-23	 497	 481
 9	-74	 751
-41	-141	 304
 78	-131	 531
-66	-161	-550
 70	 369	 188
 102	-14	 561
 12	 31	 193
 229	-227	 162
 446	 91	 458
 9	-382	 697
 192	-35	-477
-24	 500	 478
 23	-85	 761
-35	-129	 306
 61	-118	 522
-77	-163	-548
 70	 363	 195
 93	-14	 586
 10	 18	 186
 235	-220	 173
 454	 88	 436
 3	-372	 711
 196	-26	-484
-34	 494	 480
 14	-88	 762
-42	-148	 297
 68	-133	 555
-73	-150	-565
 60	 370	 200
 97	-12	 586
 2	 23	 185
 223	-226	 166
 458	 90	 446
 7	-383	 685
 194	-34	-482
-27	 488	 456
 16	-86	 757
-33	-140	 293
 69	-126	 530
-70	-158	-555
 61	 372	 179
 94	-24	 593
 12	 14	 199
 219	-228	 156
 468	 80	 431
 3	-384	 710
 200	-24	-469
-28	 488	 466
-3	-92	 744
-37	-134	 297
 63	-136	 546
-67	-162	-551
 65	 378	 189
 95	-10	 587
 21	 32	 190
 218	-230	 160
 458	 84	 465
 12	-377	 718
 191	-18	-459
-29	 491	 468
 9	-83	 751
-57	-141	 304
 72	-126	 549
-74	-157	-565
 72	 374	 189
 95	-23	 580
 21	 13	 180
 230	-220	 174
 467	 85	 453
 16	-382	 693
 201	-16	-474
-28	 495	 480
 28	-89	 765
-47	-138	 306
 59	-130	 525
-75	-152	-558
 78	 364	 185
 99	-9	 586
 16	 21	 179
 235	-235	 144
 459	 86	 441
 17	-377	 700
 188	-33	-468
-21	 482	 490
 24	-79	 755
-40	-135	 304
 72	-138	 534
-77	-161	-545
 67	 373	 200
 88	-6	 605
 20	 21	 186
 227	-233	 153
 455	 88	 447
 20	-383	 714
 195	-36	-481
-28	 488	 484
 16	-95	 749
-43	-135	 309
 76	-125	 526
-68	-156	-544
 69	 371	 191
 94	-22	 588
 17	 19	 188
 235	-221	 160
 460	 77	 445
 9	-379	 712
 198	-30	-467
-18	 500	 471
 10	-89	 748
-42	-140	 313
 76	-136	 536
-82	-163	-547
 70	 375	 186
 96	-17	 606
 17	 22	 178
 215	-232	 155
 465	 87	 449
 12	-376	 695
 195	-50	-473
-24	 505	 472
 29	-86	 765
-40	-145	 296
 71	-129	 536
-86	-152	-540
 70	 366	 188
 100	-16	 590
 13	 20	 200
 230	-216	 161
 453	 81	 436
 6	-390	 710
 199	-34	-473
-28	 492	 480
 15	-90	 771
-49	-137	 283
 70	-128	 543
-72	-147	-554
 60	 372	 188
 102	-19	 573
 4	 20	 216
 231	-218	 185
 448	 90	 443
 7	-373	 703
 196	-41	-473
-25	 487	 474
 21	-93	 764
-38	-145	 303
 61	-132	 535
-77	-168	-545
 64	 368	 194
 110	-16	 596
 22	 20	 179
 226	-227	 148
 455	 85	 426
 12	-377	 709
 182	-36	-465
-21	 494	 480
 17	-86	 752
-46	-131	 297
 63	-128	 539
-77	-153	-554
 76	 365	 179
 93	-18	 585
 22	 22	 166
 238	-227	 156
 460	 84	 447
 12	-379	 719
 190	-22	-484
-31	 486	 472
 27	-85	 764
-40	-140	 300
 73	-127	 545
-81	-159	-545
 72	 369	 183
 97	-14	 587
 19	 36	 207
 235	-223	 139
 458	 89	 445
 18	-385	 713
 191	-29	-470
-24	 492	 479
 4	-80	 767
-38	-142	 302
 63	-125	 533
-87	-167	-567
 66	 378	 175
 106	-8	 605
 12	 26	 198
 225	-222	 157
 462	 84	 428
 18	-379	 710
 199	-35	-484
-15	 505	 482
 15	-85	 760
-44	-138	 311
 74	-126	 522
-79	-154	-553
 67	 370	 177
 86	-16	 608
 19	 17	 194
 221	-220	 146
 464	 88	 428
 10	-380	 690
 192	-35	-456
-37	 483	 487
 21	-84	 754
-38	-139	 291
 69	-106	 542
-74	-151	-563
 75	 368	 190
 97	-26	 592
 33	 26	 179
 232	-216	 150
 449	 88	 451
 11	-391	 705
 188	-37	-461
-27	 502	 466
 2	-88	 773
-40	-136	 312
 66	-123	 540
-80	-159	-556
 62	 364	 174
 98	-26	 582
 9	 20	 179
 226	-233	 146
 458	 85	 446
 18	-378	 712
 193	-39	-486
-33	 494	 493
 11	-91	 755
-43	-139	 297
 73	-138	 548
-71	-152	-561
 55	 371	 199
 103	-13	 589
 20	 28	 182
 228	-227	 177
 460	 83	 437
 8	-386	 703
 188	-34	-469
-33	 498	 479
 21	-83	 757
-39	-145	 297
 74	-135	 532
-71	-158	-560
 73	 376	 188
 91	-13	 578
 12	 23	 194
 223	-230	 147
 454	 85	 458
 11	-384	 689
 203	-36	-464
-27	 488	 470
 24	-85	 763
-38	-139	 321
 77	-124	 542
-80	-161	-571
 63	 379	 199
 92	-8	 588
 27	 23	 184
 234	-237	 151
 462	 94	 447
 15	-381	 715
 192	-33	-460
-31	 481	 479
 24	-94	 761
-42	-135	 315
 72	-133	 546
-79	-157	-565
 64	 369	 193
 97	-13	 577
 15	 15	 170
 225	-217	 142
 461	 82	 446
 12	-388	 693
 192	-36	-458
-35	 488	 473
 17	-83	 754
-40	-142	 301
 78	-131	 542
-84	-161	-556
 63	 375	 195
 96	-8	 598
 9	 19	 165
 226	-228	 143
 460	 84	 460
 15	-375	 699
 191	-36	-464
-19	 492	 483
 10	-101	 769
-35	-142	 304
 74	-136	 541
-82	-161	-540
 77	 367	 194
 85	-11	 589
 8	 32	 169
 230	-220	 165
 462	 80	 451
 14	-384	 708
 198	-30	-478
-33	 502	 483
 19	-84	 741
-41	-147	 318
 72	-132	 537
-80	-153	-562
 71	 359	 195
 101	-15	 587
 11	 24	 200
 237	-227	 165
 467	 76	 441
 5	-375	 704
 189	-38	-471
-22	 493	 474
 15	-90	 760
-43	-148	 296
 74	-127	 551
-79	-158	-553
 68	 373	 194
 98	-13	 593
 16	 26	 197
 228	-230	 157
 456	 93	 455
 7	-365	 704
 191	-31	-488
-24	 506	 479
 19	-90	 764
-23	-141	 317
 71	-130	 531
-75	-152	-554
 79	 370	 199
 89	-18	 600
 9	 17	 186
 230	-224	 151
 456	 77	 448
 3	-386	 718
 200	-28	-471
-30	 483	 480
 10	-79	 752
-41	-145	 309
 65	-139	 532
-75	-165	-556
 74	 379	 180
 97	-15	 597
 19	 24	 181
 221	-224	 144
 454	 80	 458
 16	-383	 702
 195	-27	-467
-29	 487	 474
 15	-88	 754
-44	-138	 300
 79	-125	 524
-85	-161	-525
 61	 369	 173
 101	-20	 605
 21	 24	 185
 229	-228	 141
 452	 82	 435
 9	-389	 711
 194	-22	-465
-15	 490	 464
 19	-92	 762
-44	-141	 311
 75	-131	 517
-74	-163	-560
 75	 359	 175
 89	-14	 583
 11	 22	 186
 234	-223	 164
 468	 82	 435
 2	-378	 712
 195	-28	-469
-28	 485	 469
 24	-89	 746
-40	-143	 294
 72	-123	 548
-67	-161	-549
 65	 375	 175
 105	-7	 605
 19	 31	 183
 223	-221	 164
 460	 82	 454
 18	-380	 711
 190	-28	-465
-21	 489	 472
 27	-91	 762
-40	-137	 307
 63	-131	 539
-82	-163	-558
 71	 372	 186
 98	-20	 591
 21	 28	 177
 238	-230	 149
 452	 92	 440
 16	-373	 707
 188	-31	-458
-19	 491	 484
 10	-89	 753
-44	-141	 299
 69	-126	 543
-75	-164	-568
 66	 367	 171
 101	-10	 598
 12	 27	 191
 231	-221	 178
 457	 77	 441
 11	-374	 708
 187	-37	-471
-30	 485	 476
 23	-81	 752
-40	-150	 294
 72	-120	 526
-78	-158	-556
 70	 366	 187
 90	-11	 578
 7	 21	 193
 235	-227	 135
 456	 79	 445
 9	-379	 727
 202	-24	-481
-19	 488	 468
 19	-85	 762
-37	-134	 304
 65	-128	 533
-77	-158	-558
 63	 373	 191
 102	-14	 594
 15	 20	 174
 229	-222	 169
 459	 83	 447
 13	-378	 707
 184	-32	-468
-23	 487	 472
 23	-92	 764
-50	-137	 297
 62	-131	 541
-83	-159	-554
 72	 372	 186
 102	-18	 599
 18	 21	 183
 221	-228	 163
 456	 88	 444
 12	-380	 698
 191	-25	-491
-14	 484	 483
 25	-90	 751
-32	-132	 301
 83	-129	 520
-58	-153	-540
 83	 368	 190
 87	-22	 602
 19	 25	 179
 234	-232	 168
 457	 92	 447
 0	-385	 710
 192	-29	-466
-27	 500	 479
 21	-78	 756
-47	-132	 309
 73	-126	 538
-66	-156	-554
 72	 367	 194
 98	-26	 596
 16	 16	 162
 230	-225	 162
 452	 92	 463
 8	-388	 692
 193	-37	-485
-25	 482	 479
 15	-95	 754
-48	-140	 304
 69	-129	 539
-81	-158	-558
 64	 366	 194
 100	-22	 588
 21	 30	 179
 226	-213	 169
 458	 85	 434
 3	-387	 720
 184	-41	-470
-17	 496	 480
 27	-99	 765
-43	-146	 319
 71	-127	 546
-67	-159	-576
 65	 381	 185
 103	-14	 591
 11	 30	 184
 235	-234	 144
 457	 74	 435
-1	-376	 702
 180	-28	-468
-26	 499	 481
 11	-80	 767
-51	-150	 320
 71	-122	 530
-77	-154	-556
 70	 371	 183
 95	-18	 590
 16	 27	 191
 219	-223	 146
 446	 82	 452
 10	-376	 705
 181	-43	-454
-21	 488	 485
 17	-78	 775
-36	-144	 293
 74	-133	 534
-77	-163	-550
 72	 371	 196
 108	-18	 607
 22	 20	 187
 237	-239	 149
 454	 85	 441
 2	-379	 694
 198	-33	-452
-24	 489	 469
 17	-91	 770
-40	-145	 305
 74	-143	 541
-83	-166	-568
 63	 364	 211
 97	-12	 575
 17	 33	 185
 233	-234	 159
 460	 69	 443
 17	-377	 705
 182	-29	-468
-20	 498	 480
 13	-82	 749
-47	-144	 294
 57	-144	 531
-79	-168	-569
 67	 358	 171
 97	-20	 580
 16	 28	 181
 241	-215	 148
 455	 84	 439
 14	-377	 707
 195	-46	-472
-17	 484	 475
 11	-88	 755
-52	-132	 301
 67	-140	 543
-70	-158	-559
 73	 370	 193
 99	-8	 581
 15	 23	 187
 229	-229	 164
 463	 86	 435
 15	-372	 712
 197	-27	-464
-26	 492	 492
 25	-88	 772
-47	-139	 296
 66	-125	 530
-83	-160	-558
 73	 374	 192
 102	-18	 580
 12	 22	 197
 225	-227	 142
 457	 87	 460
 4	-382	 718
 198	-23	-456
-14	 483	 465
 11	-94	 768
-29	-134	 308
 67	-122	 530
-80	-150	-555
 62	 367	 182
 104	-18	 600
 15	 24	 179
 224	-229	 144
 449	 90	 445
 5	-382	 701
 195	-35	-483
-31	 498	 477
 16	-81	 761
-33	-143	 313
 78	-130	 537
-75	-162	-568
 67	 371	 198
 101	-8	 608
 24	 18	 185
 226	-217	 147
 461	 72	 436
 13	-377	 712
 190	-37	-477
-18	 480	 464
 17	-81	 747
-39	-142	 304
 71	-123	 535
-72	-160	-559
 66	 373	 187
 95	-9	 590
 8	 21	 185
 228	-227	 140
 455	 89	 452
 5	-377	 712
 199	-29	-463
-24	 493	 478
 9	-88	 779
-31	-143	 311
 64	-127	 521
-85	-168	-553
 64	 368	 196
 94	-27	 587
 3	 15	 181
 225	-225	 161
 458	 94	 456
 3	-378	 705
 186	-31	-476
-26	 496	 480
 12	-86	 748
-40	-145	 291
 69	-138	 530
-65	-156	-557
 68	 365	 174
 93	-21	 604
 13	 36	 184
 226	-225	 138
 457	 88	 438
 5	-376	 698
 189	-31	-479
-24	 493	 485
 24	-79	 757
-45	-142	 304
 64	-128	 536
-64	-158	-537
 64	 371	 176
 89	-20	 599
 20	 19	 179
 224	-232	 168
 457	 90	 441
 6	-371	 716
 198	-32	-463
-35	 485	 466
 16	-86	 750
-38	-137	 298
 72	-125	 535
-74	-163	-549
 62	 368	 194
 96	-17	 595
 20	 23	 201
 239	-224	 142
 456	 92	 451
 14	-377	 711
 194	-36	-473
-27	 484	 480
 22	-86	 758
-45	-146	 301
 63	-124	 533
-87	-153	-559
 76	 369	 181
 97	-21	 589
 26	 22	 196
 221	-222	 151
 456	 88	 446
 12	-384	 711
 186	-32	-456
-34	 494	 474
 24	-94	 749
-34	-144	 299
 69	-133	 548
-79	-156	-572
 67	 365	 184
 97	-18	 596
 7	 23	 187
 233	-228	 167
 462	 84	 444
 18	-382	 705
 185	-36	-465
-30	 502	 486
 14	-80	 747
-42	-141	 323
 73	-132	 544
-77	-168	-545
 62	 368	 186
 95	-15	 608
 13	 29	 177
 231	-223	 159
 450	 86	 452
 13	-383	 710
 192	-30	-478
-31	 492	 463
 22	-82	 755
-46	-140	 308
 63	-127	 535
-87	-169	-562
 82	 371	 171
 96	-15	 591
 10	 23	 169
 228	-224	 144
 458	 101	 443
 10	-391	 728
 192	-37	-483
-26	 487	 481
 18	-89	 762
-46	-144	 316
 77	-137	 540
-71	-151	-570
 74	 372	 196
 94	-16	 578
 16	 26	 178
 229	-235	 154
 461	 82	 461
 10	-373	 704
 184	-28	-485
-29	 483	 471
 22	-92	 763
-47	-140	 311
 75	-129	 541
-74	-158	-557
 74	 364	 189
 95	-17	 594
 9	 23	 183
 229	-218	 153
 459	 84	 455
 16	-384	 698
 193	-28	-464
-26	 487	 477
 16	-87	 761
-44	-142	 297
 74	-132	 543
-70	-153	-565
 59	 375	 187
 90	-14	 590
 26	 13	 189
 223	-233	 168
 466	 85	 442
 14	-384	 713
 190	-38	-464
-31	 486	 464
 18	-97	 750
-48	-137	 296
 79	-129	 537
-82	-153	-576
 70	 367	 185
 98	-11	 588
 22	 28	 184
 231	-221	 146
 453	 80	 453
 15	-380	 705
 191	-39	-487
-24	 488	 473
 18	-96	 750
-41	-141	 296
 72	-132	 532
-81	-156	-570
 80	 368	 189
 96	-23	 584
 11	 32	 181
 226	-227	 151
 457	 86	 449
 4	-376	 712
 184	-35	-473
-21	 495	 476
 8	-94	 755
-41	-136	 307
 62	-119	 549
-64	-147	-563
 64	 371	 191
 96	-19	 591
 10	 25	 188
 230	-221	 158
 459	 92	 454
 12	-390	 695
 196	-25	-463
-13	 490	 478
 14	-77	 736
-28	-142	 309
 73	-132	 540
-56	-163	-565
 68	 377	 177
 99	-16	 577
 22	 16	 186
 228	-231	 144
 456	 88	 458
 18	-382	 710
 184	-38	-473
-29	 494	 500
 18	-93	 752
-35	-134	 284
 71	-132	 542
-80	-150	-557
 68	 378	 189
 95	-11	 594
 18	 26	 195
 229	-231	 142
 454	 79	 429
 5	-383	 692
 190	-34	-483
-33	 490	 485
 18	-81	 763
-46	-137	 311
 67	-123	 527
-72	-138	-548
 68	 369	 195
 97	-24	 588
 18	 28	 170
 233	-223	 157
 463	 73	 446
 6	-381	 709
 190	-39	-493
-24	 487	 470
 17	-91	 761
-43	-130	 308
 71	-120	 543
-78	-155	-565
 77	 367	 183
 91	-16	 600
 19	 25	 219
 230	-231	 157
 456	 79	 451
 19	-376	 696
 200	-32	-460
-24	 492	 461
 30	-92	 772
-43	-143	 294
 66	-126	 540
-87	-157	-552
 68	 362	 185
 102	-20	 596
 13	 14	 185
 228	-225	 149
 449	 87	 453
 10	-383	 710
 198	-28	-473
-14	 485	 485
 20	-92	 759
-32	-138	 299
 69	-127	 535
-71	-169	-562
 74	 367	 185
 92	-25	 580
 18	 26	 180
 239	-213	 174
 467	 80	 458
 13	-377	 704
 187	-37	-492
-25	 493	 475
 14	-90	 745
-42	-140	 300
 61	-127	 524
-72	-158	-560
 75	 373	 193
 89	-19	 602
 21	 28	 185
 228	-233	 153
 454	 83	 451
 3	-374	 705
 188	-34	-461
-29	 490	 492
 28	-93	 771
-34	-142	 322
 70	-131	 546
-72	-152	-542
 66	 375	 187
 103	-22	 598
 19	 15	 201
 238	-224	 156
 463	 77	 447
 7	-376	 709
 176	-39	-465
-26	 492	 479
 14	-79	 769
-44	-140	 303
 75	-127	 544
-80	-166	-546
 73	 371	 186
 96	-17	 589
 8	 27	 178
 234	-221	 174
 464	 87	 446
 14	-389	 732
 197	-29	-481
-25	 506	 473
 13	-91	 748
-49	-148	 300
 61	-137	 545
-72	-156	-563
 67	 373	 190
 95	-24	 590
 15	 29	 186
 225	-233	 160
 463	 93	 447
 13	-379	 700
 198	-25	-481
-22	 485	 487
 23	-94	 757
-42	-142	 300
 59	-124	 539
-74	-160	-579
 71	 373	 181
 112	-14	 592
 18	 23	 194
 234	-229	 153
 454	 91	 453
 10	-367	 703
 193	-41	-473
-29	 489	 463
 19	-78	 749
-50	-146	 296
 73	-134	 518
-78	-160	-559
 67	 374	 181
 103	-9	 598
 15	 23	 181
 230	-225	 153
 466	 68	 441
 15	-374	 707
 195	-29	-467
-28	 496	 484
 11	-95	 759
-39	-132	 301
 67	-143	 540
-74	-163	-556
 56	 368	 160
 99	-15	 607
 10	 26	 179
 233	-223	 167
 465	 85	 453
 12	-384	 708
 183	-34	-473
-27	 492	 457
 16	-100	 753
-44	-141	 326
 71	-131	 538
-85	-153	-566
 84	 378	 204
 108	-18	 595
 15	 31	 190
 235	-230	 162
 461	 82	 438
 8	-373	 699
 192	-37	-482
-21	 483	 463
 15	-89	 758
-41	-131	 308
 64	-132	 522
-76	-153	-556
 70	 375	 202
 104	-17	 579
 12	 35	 184
 228	-228	 145
 463	 84	 469
 12	-383	 703
 192	-33	-465
-27	 487	 490
 15	-97	 764
-47	-146	 321
 70	-130	 533
-73	-166	-559
 67	 386	 185
 92	-18	 574
 18	 23	 192
 234	-227	 154
 464	 81	 455
 12	-373	 717
 195	-30	-473
-34	 489	 480
 21	-91	 750
-34	-133	 312
 54	-125	 533
-64	-151	-547
 70	 369	 203
 103	-20	 587
 14	 18	 198
 223	-211	 147
 460	 85	 436
 8	-396	 705
 193	-32	-472
-24	 499	 479
 5	-84	 757
-47	-136	 293
 60	-128	 528
-74	-160	-566
 68	 365	 195
 96	-21	 583
 23	 22	 185
 242	-221	 150
 459	 92	 458
 26	-378	 689
 196	-33	-480
-33	 490	 459
 15	-87	 752
-31	-137	 299
 65	-136	 528
-69	-163	-565
 75	 370	 199
 88	-18	 574
 18	 27	 184
 243	-223	 156
 457	 84	 455
 11	-379	 718
 192	-40	-470
-33	 489	 474
 22	-80	 764
-42	-140	 307
 69	-125	 520
-71	-164	-561
 76	 386	 176
 93	-17	 589
 19	 28	 189
 238	-223	 149
 458	 93	 455
 8	-376	 697
 192	-36	-465
-34	 488	 475
 14	-94	 766
-40	-134	 286
 61	-119	 529
-82	-160	-566
 73	 361	 191
 91	-32	 594
 16	 16	 166
 228	-231	 131
 452	 73	 451
 3	-385	 702
 186	-28	-482
-23	 502	 473
 19	-93	 767
-39	-144	 312
 66	-130	 537
-75	-161	-560
 66	 361	 196
 100	-17	 601
 21	 16	 200
 234	-223	 160
 456	 89	 451
 10	-377	 707
 197	-26	-460
-20	 494	 485
 7	-81	 756
-38	-142	 307
 69	-124	 537
-84	-157	-561
 65	 373	 167
 115	-12	 575
 29	 28	 194
 236	-224	 160
 457	 85	 448
 14	-387	 725
 192	-47	-460
-27	 492	 475
 23	-75	 760
-46	-145	 293
 76	-123	 535
-79	-173	-560
 71	 377	 185
 97	-30	 581
 27	 18	 169
 224	-224	 153
 456	 67	 450
 9	-381	 712
 190	-31	-455
-30	 484	 477
 19	-94	 752
-39	-144	 306
 66	-123	 552
-77	-156	-559
 65	 370	 178
 99	-20	 599
 19	 28	 172
 225	-228	 163
 462	 87	 451
 8	-382	 706
 194	-38	-467
-30	 493	 491
 23	-93	 762
-48	-150	 315
 60	-140	 513
-75	-150	-566
 76	 368	 189
 100	-26	 593
 12	 22	 176
 223	-230	 165
 460	 81	 461
 17	-376	 716
 192	-28	-468
-33	 483	 491
 12	-93	 744
-39	-147	 306
 71	-118	 517
-69	-156	-567
 70	 374	 172
 103	-21	 589
 13	 28	 171
 228	-228	 149
 473	 90	 445
 4	-378	 710
 196	-30	-466
-32	 489	 481
 18	-87	 761
-39	-144	 299
 76	-127	 536
-64	-155	-547
 67	 362	 197
 101	-20	 591
 25	 30	 174
 219	-224	 169
 470	 88	 439
 10	-383	 702
 191	-40	-472
-28	 490	 468
 20	-78	 755
-44	-153	 314
 70	-129	 548
-76	-167	-553
 67	 385	 203
 96	-23	 597
 15	 20	 172
 229	-224	 151
 455	 89	 464
 13	-358	 710
 189	-35	-473
-16	 495	 463
 10	-84	 774
-38	-132	 306
 62	-127	 531
-74	-157	-563
 64	 362	 191
 91	-28	 573
 21	 28	 169
 230	-222	 169
 457	 79	 449
 22	-384	 702
 193	-28	-464
-23	 490	 483
 15	-87	 753
-43	-147	 314
 70	-130	 520
-66	-167	-568
 64	 379	 207
 95	-25	 616
 14	 24	 199
 234	-213	 147
 459	 88	 459
 16	-376	 716
 193	-36	-481
-37	 497	 472
 12	-75	 759
-45	-132	 306
 81	-129	 540
-77	-152	-551
 68	 363	 202
 95	-16	 594
 10	 33	 176
 232	-228	 159
 450	 87	 432
 9	-391	 722
 203	-23	-479
-23	 497	 485
 14	-82	 750
-42	-131	 311
 60	-109	 540
-67	-156	-549
 73	 373	 190
 99	-30	 592
 13	 29	 183
 227	-230	 157
 456	 81	 436
 22	-374	 710
 190	-38	-471
-21	 489	 457
 15	-86	 775
-45	-144	 309
 62	-133	 540
-72	-158	-565
 64	 372	 190
 106	-7	 588
 18	 25	 183
 230	-225	 145
 464	 83	 444
 21	-380	 722
 192	-43	-463
-20	 485	 473
 13	-99	 762
-47	-128	 303
 73	-118	 551
-80	-156	-557
 60	 373	 177
 106	-30	 601
 18	 13	 191
 226	-226	 142
 457	 85	 444
 15	-386	 722
 177	-29	-467
-18	 493	 468
 4	-94	 777
-32	-140	 309
 66	-116	 535
-77	-148	-544
 57	 374	 192
 99	-10	 585
 12	 24	 194
 230	-221	 176
 459	 92	 476
 12	-374	 697
 192	-28	-475
-25	 486	 465
 22	-96	 749
-52	-134	 324
 62	-135	 543
-66	-162	-548
 61	 374	 177
 109	-23	 595
 15	 25	 184
 250	-228	 154
 466	 87	 451
 18	-378	 697
 193	-31	-463
-25	 499	 473
 23	-89	 763
-50	-147	 287
 67	-123	 533
-75	-152	-560
 69	 373	 190
 102	-14	 577
 22	 24	 196
 225	-222	 161
 466	 84	 441
 11	-378	 702
 189	-31	-468
-26	 508	 497
 23	-95	 767
-46	-146	 292
 76	-129	 545
-73	-159	-565
 75	 370	 187
 91	-19	 595
 14	 31	 187
 235	-232	 170
 457	 79	 450
 9	-381	 694
 188	-37	-475
-28	 490	 475
 11	-79	 750
-45	-137	 286
 79	-124	 550
-64	-154	-544
 73	 355	 193
 105	-14	 600
 19	 13	 188
 218	-216	 150
 451	 86	 469
 5	-378	 702
 191	-33	-476
-19	 501	 491
 27	-87	 759
-39	-136	 289
 68	-125	 557
-79	-156	-541
 63	 372	 193
 106	-11	 593
 9	 17	 185
 225	-222	 153
 460	 90	 448
 15	-390	 700
 198	-33	-453
-33	 495	 489
 16	-82	 758
-31	-136	 301
 70	-124	 529
-84	-163	-553
 69	 372	 189
 102	-24	 590
 21	 22	 187
 220	-222	 154
 457	 89	 443
 6	-379	 705
 188	-35	-484
-23	 500	 473
 19	-80	 737
-47	-145	 315
 68	-125	 531
-71	-163	-564
 68	 374	 208
 99	-20	 584
 15	 28	 189
 230	-225	 181
 459	 103	 443
 13	-379	 725
 198	-36	-477
-35	 492	 471
 18	-97	 747
-49	-137	 310
 65	-118	 549
-72	-159	-554
 63	 378	 181
 99	-15	 576
 15	 9	 189
 238	-231	 156
 458	 84	 439
 14	-381	 725
 191	-33	-477
-27	 493	 479
 11	-88	 759
-37	-135	 305
 69	-129	 533
-80	-164	-566
 65	 364	 201
 101	-9	 595
 15	 21	 187
 231	-223	 162
 474	 80	 440
 18	-377	 710
 195	-32	-463
-27	 494	 495
 5	-85	 763
-46	-140	 301
 77	-120	 549
-72	-162	-554
 68	 373	 183
 103	-18	 573
 21	 36	 180
 230	-224	 160
 450	 87	 436
 14	-380	 705
 182	-31	-479
-28	 488	 484
 15	-88	 738
-42	-145	 286
 70	-127	 542
-87	-153	-561
 66	 368	 190
 98	-14	 595
 21	 22	 174
 232	-211	 175
 467	 89	 460
 3	-378	 708
 203	-27	-463
-22	 493	 477
 12	-90	 734
-56	-136	 315
 67	-121	 533
-68	-161	-552
 64	 370	 194
 90	-19	 594
 8	 32	 187
 237	-223	 143
 452	 92	 464
 14	-371	 706
 204	-29	-485
-26	 491	 470
 18	-90	 757
-41	-147	 303
 70	-124	 545
-70	-164	-568
 76	 368	 189
 101	-9	 582
 24	 18	 186
 240	-227	 181
 450	 89	 438
 14	-369	 705
 198	-39	-470
-33	 500	 470
 14	-75	 762
-39	-142	 308
 70	-121	 531
-87	-158	-535
 61	 369	 196
 100	-19	 597
 9	 23	 183
 224	-222	 159
 464	 80	 453
 16	-378	 720
 187	-37	-483
-17	 497	 475
 9	-82	 754
-39	-140	 296
 61	-118	 542
-79	-163	-578
 72	 370	 207
 103	-14	 592
 11	 13	 195
 227	-222	 144
 451	 90	 427
 10	-382	 721
 191	-35	-472
-28	 490	 469
 19	-82	 761
-40	-135	 297
 69	-124	 533
-81	-158	-556
 64	 371	 197
 91	-7	 600
 7	 21	 192
 229	-225	 157
 458	 81	 442
 4	-380	 697
 203	-36	-472
-21	 490	 482
 6	-86	 764
-39	-132	 308
 63	-134	 540
-71	-156	-585
 74	 372	 190
 94	-11	 585
 18	 22	 197
 227	-223	 159
 456	 81	 446
 15	-379	 728
 195	-36	-490
-21	 489	 490
 17	-84	 766
-49	-135	 305
 68	-122	 535
-75	-160	-549
 80	 377	 188
 95	-15	 613
 13	 34	 186
 232	-230	 144
 455	 85	 441
 13	-381	 714
 182	-24	-488
-23	 496	 486
 28	-83	 774
-47	-151	 313
 74	-126	 548
-69	-169	-572
 69	 369	 200
 97	-11	 587
 17	 37	 183
 231	-217	 138
 466	 76	 424
 0	-383	 713
 190	-21	-466
-28	 494	 476
 16	-100	 750
-44	-137	 308
 77	-123	 529
-80	-148	-549
 77	 374	 176
 103	-23	 600
 14	 24	 173
 226	-214	 168
 459	 92	 438
 5	-384	 702
 189	-29	-472
-28	 491	 473
 18	-86	 748
-34	-144	 298
 77	-121	 537
-76	-167	-571
 73	 374	 191
 93	-13	 581
 11	 28	 163
 229	-228	 143
 457	 74	 453
 12	-386	 693
 186	-31	-468
-24	 497	 487
 6	-88	 755
-35	-139	 323
 66	-121	 537
-78	-154	-562
 72	 373	 192
 99	-9	 595
 29	 30	 176
 229	-225	 155
 455	 82	 459
 12	-383	 722
 188	-35	-478
-21	 489	 472
 23	-68	 751
-47	-149	 320
 69	-130	 550
-71	-163	-550
 66	 377	 184
 91	-6	 585
 19	 29	 184
 238	-226	 154
 455	 87	 451
 13	-377	 719
 190	-41	-464
-26	 497	 493
 10	-88	 760
-35	-142	 314
 64	-124	 552
-76	-165	-552
 73	 368	 181
 102	-18	 577
 23	 22	 177
 225	-221	 140
 465	 89	 427
 11	-375	 707
 190	-28	-478
-20	 489	 475
 18	-94	 761
-47	-150	 306
 69	-123	 525
-80	-158	-561
 56	 372	 197
 94	-19	 586
 13	 35	 199
 238	-220	 164
 459	 87	 443
 17	-379	 716
 192	-22	-473
-21	 491	 491
 20	-81	 769
-37	-144	 306
 79	-130	 528
