No.	X	Y	Z
	 37	 473	 512
	 88	-75	 776
	 26	-199	 302
	 111	-123	 544
	-26	-174	-533
	 110	 405	 175
	 297	-185	 913
	-2	-15	 345
	 323	-182	 348
	 446	 56	 496
	 47	-370	 737
	 195	-37	-500
	 45	 464	 522
	 86	-70	 767
	 24	-188	 331
	 122	-109	 530
	-28	-177	-525
	 96	 396	 184
	 302	-165	 923
	-4	-27	 335
	 325	-179	 338
	 459	 63	 493
	 46	-381	 737
	 198	-36	-512
	 39	 469	 503
	 79	-76	 783
	 28	-203	 329
	 128	-112	 522
	-26	-160	-530
	 114	 392	 199
	 295	-179	 928
	-1	-9	 351
	 321	-175	 340
	 444	 52	 481
	 51	-370	 723
	 197	-26	-495
	 37	 459	 527
	 85	-68	 759
	 27	-196	 317
	 116	-108	 530
	-25	-172	-537
	 106	 391	 209
	 291	-187	 935
	-11	-24	 344
	 324	-175	 339
	 445	 56	 500
	 49	-375	 722
	 196	-33	-509
	 34	 460	 510
	 87	-69	 760
	 33	-195	 338
	 125	-129	 535
	-27	-178	-537
	 102	 398	 219
	 289	-170	 925
	-3	-23	 348
	 328	-171	 348
	 450	 63	 493
	 49	-374	 728
	 196	-34	-519
	 41	 464	 524
	 84	-65	 761
	 17	-187	 332
	 123	-130	 533
	-27	-183	-520
	 90	 393	 190
	 297	-194	 913
	-3	-30	 343
	 319	-185	 353
	 448	 60	 496
	 62	-378	 727
	 199	-32	-499
	 47	 469	 526
	 90	-66	 769
	 29	-193	 336
	 116	-123	 523
	-27	-177	-535
	 109	 395	 198
	 287	-186	 908
	-4	-20	 339
	 318	-182	 334
	 447	 53	 488
	 56	-379	 729
	 195	-43	-511
	 45	 470	 535
	 69	-71	 790
	 27	-198	 316
	 123	-124	 527
	-16	-168	-514
	 101	 386	 199
	 296	-186	 920
	-9	-30	 364
	 316	-175	 334
	 454	 56	 482
	 51	-365	 737
	 193	-40	-495
	 44	 460	 534
	 90	-68	 769
	 18	-192	 335
	 126	-121	 540
	-22	-179	-532
	 95	 401	 204
	 291	-174	 929
	-4	-36	 336
	 322	-182	 348
	 459	 55	 478
	 54	-375	 729
	 192	-35	-514
	 36	 473	 527
	 77	-71	 767
	 25	-201	 336
	 117	-115	 529
	-29	-173	-525
	 108	 402	 199
	 289	-184	 901
	-4	-28	 346
	 325	-184	 331
	 445	 59	 495
	 52	-385	 710
	 198	-32	-527
	 42	 467	 510
	 80	-65	 784
	 23	-186	 327
	 123	-124	 527
	-17	-178	-537
	 103	 394	 199
	 302	-186	 920
	-5	-24	 340
	 334	-166	 337
	 432	 67	 497
	 50	-369	 740
	 196	-27	-506
	 40	 465	 520
	 78	-71	 784
	 16	-201	 318
	 128	-117	 534
	-26	-168	-524
	 98	 384	 204
	 298	-180	 924
	 0	-16	 324
	 317	-188	 348
	 444	 52	 509
	 41	-383	 726
	 193	-28	-504
	 52	 457	 521
	 92	-57	 752
	 22	-192	 332
	 126	-119	 528
	-28	-181	-540
	 111	 398	 203
	 288	-180	 916
	 0	-29	 344
	 325	-189	 337
	 439	 55	 494
	 51	-374	 724
	 202	-29	-514
	 46	 467	 521
	 84	-61	 785
	 20	-194	 326
	 112	-113	 517
	-23	-170	-520
	 102	 387	 184
	 286	-178	 916
	 0	-26	 343
	 326	-181	 340
	 437	 61	 474
	 49	-377	 739
	 192	-31	-490
	 44	 451	 506
	 97	-69	 765
	 23	-194	 331
	 123	-123	 540
	-32	-163	-528
	 104	 393	 199
	 297	-187	 930
	-4	-34	 354
	 328	-179	 332
	 448	 57	 481
	 39	-374	 717
	 197	-39	-499
	 37	 471	 520
	 89	-65	 780
	 17	-194	 333
	 119	-119	 539
	-29	-180	-526
	 103	 393	 199
	 295	-179	 911
	-4	-24	 344
	 319	-185	 358
	 453	 53	 495
	 50	-377	 741
	 195	-36	-509
	 54	 465	 530
	 86	-67	 779
	 26	-177	 333
	 120	-109	 532
	-14	-177	-540
	 94	 396	 228
	 298	-179	 915
	-1	-29	 337
	 321	-171	 342
	 436	 58	 508
	 53	-372	 735
	 194	-30	-510
	 37	 467	 525
	 89	-66	 764
	 21	-198	 312
	 128	-121	 522
	-26	-176	-536
	 107	 401	 209
	 299	-191	 924
	 1	-24	 339
	 307	-177	 338
	 444	 55	 494
	 53	-375	 732
	 187	-38	-507
	 33	 458	 513
	 92	-70	 770
	 23	-192	 321
	 121	-124	 525
	-37	-174	-532
	 97	 395	 194
	 300	-179	 914
	-9	-27	 333
	 327	-181	 338
	 456	 52	 491
	 50	-380	 734
	 193	-42	-498
	 36	 467	 536
	 87	-69	 776
	 30	-188	 316
	 125	-109	 533
	-24	-178	-526
	 101	 399	 210
	 290	-187	 931
	-15	-31	 342
	 323	-172	 331
	 450	 54	 489
	 42	-382	 735
	 207	-29	-513
	 28	 455	 514
	 90	-66	 748
	 21	-203	 321
	 116	-121	 550
	-22	-179	-540
	 103	 393	 191
	 292	-183	 907
	 1	-23	 316
	 325	-185	 347
	 448	 49	 476
	 54	-380	 732
	 190	-36	-515
	 45	 470	 535
	 79	-78	 765
	 24	-186	 327
	 121	-123	 542
	-20	-180	-528
	 110	 398	 206
	 289	-175	 917
	-11	-19	 330
	 313	-174	 334
	 451	 50	 504
	 48	-378	 727
	 188	-28	-510
	 47	 467	 523
	 85	-64	 798
	 19	-197	 319
	 124	-118	 553
	-16	-173	-524
	 102	 397	 194
	 282	-182	 914
	 2	-37	 344
	 319	-185	 320
	 450	 54	 500
	 36	-378	 719
	 195	-36	-518
	 45	 466	 520
	 91	-69	 779
	 25	-201	 333
	 132	-113	 529
	-20	-172	-520
	 107	 393	 196
	 298	-182	 919
	 3	-39	 341
	 331	-179	 334
	 446	 53	 494
	 47	-375	 742
	 196	-30	-511
	 40	 465	 525
	 82	-53	 760
	 29	-200	 315
	 121	-124	 536
	-30	-170	-544
	 99	 398	 208
	 291	-181	 914
	-10	-21	 355
	 322	-181	 350
	 442	 50	 494
	 46	-377	 727
	 198	-44	-521
	 48	 479	 520
	 82	-67	 769
	 30	-190	 312
	 124	-116	 547
	-34	-179	-520
	 100	 394	 196
	 289	-181	 911
	-3	-25	 343
	 318	-165	 334
	 455	 54	 506
	 52	-387	 733
	 203	-38	-500
	 38	 465	 515
	 85	-68	 775
	 26	-192	 319
	 121	-114	 544
	-17	-173	-525
	 106	 392	 181
	 291	-178	 924
	-3	-21	 345
	 330	-167	 344
	 446	 60	 497
	 49	-378	 722
	 205	-38	-499
	 38	 465	 508
	 83	-64	 768
	 20	-189	 340
	 121	-126	 536
	-25	-173	-524
	 101	 400	 204
	 299	-182	 921
	 0	-26	 333
	 330	-175	 330
	 439	 60	 483
	 54	-375	 726
	 197	-34	-505
	 44	 449	 503
	 87	-68	 772
	 18	-200	 317
	 120	-122	 533
	-19	-172	-540
	 109	 398	 201
	 290	-183	 914
	-7	-24	 341
	 326	-183	 333
	 442	 64	 503
	 38	-385	 721
	 194	-36	-508
	 41	 461	 516
	 81	-59	 782
	 26	-195	 326
	 121	-122	 541
	-22	-175	-536
	 110	 398	 206
	 286	-184	 922
	-3	-28	 346
	 321	-180	 328
	 448	 66	 501
	 47	-385	 743
	 206	-35	-509
	 26	 455	 523
	 83	-79	 761
	 16	-205	 328
	 129	-130	 541
	-20	-171	-522
	 99	 396	 194
	 298	-186	 909
	 1	-34	 335
	 317	-165	 335
	 450	 64	 488
	 46	-372	 731
	 182	-32	-494
	 41	 467	 515
	 89	-71	 762
	 18	-185	 327
	 120	-136	 532
	-17	-162	-535
	 110	 389	 206
	 286	-177	 908
	-9	-21	 330
	 317	-175	 329
	 431	 47	 473
	 51	-389	 716
	 197	-37	-493
	 47	 464	 518
	 91	-70	 768
	 16	-193	 331
	 117	-113	 530
	-20	-179	-551
	 99	 400	 206
	 307	-182	 910
	-4	-25	 343
	 319	-180	 328
	 445	 54	 505
	 45	-372	 733
	 202	-33	-505
	 44	 451	 534
	 84	-71	 777
	 18	-188	 336
	 133	-132	 533
	-20	-181	-531
	 103	 394	 204
	 289	-178	 921
	-3	-21	 338
	 312	-175	 315
	 454	 53	 484
	 56	-383	 729
	 183	-37	-519
	 43	 465	 528
	 90	-67	 767
	 18	-201	 315
	 118	-112	 515
	-19	-187	-528
	 105	 400	 207
	 294	-193	 923
	 2	-28	 336
	 321	-181	 332
	 442	 49	 490
	 51	-377	 722
	 197	-32	-503
	 33	 472	 495
	 90	-80	 779
	 29	-194	 335
	 128	-124	 528
	-20	-184	-542
	 102	 402	 215
	 290	-181	 907
	 0	-20	 346
	 320	-178	 338
	 445	 55	 486
	 51	-383	 727
	 192	-33	-507
	 44	 459	 520
	 85	-70	 775
	 21	-197	 327
	 139	-121	 538
	-16	-178	-542
	 100	 393	 209
	 298	-179	 914
	-7	-28	 349
	 322	-174	 319
	 443	 51	 500
	 62	-383	 732
	 199	-40	-498
	 43	 466	 523
	 84	-70	 771
	 20	-194	 333
	 125	-122	 531
	-35	-173	-536
	 102	 389	 200
	 298	-186	 922
	-4	-25	 338
	 329	-182	 321
	 444	 61	 486
	 49	-380	 718
	 192	-37	-499
	 38	 458	 525
	 87	-60	 783
	 22	-200	 314
	 132	-119	 521
	-31	-174	-535
	 103	 397	 208
	 291	-186	 909
	-7	-24	 339
	 324	-169	 339
	 439	 62	 490
	 50	-385	 733
	 194	-21	-515
	 38	 458	 524
	 85	-63	 780
	 16	-199	 318
	 126	-112	 536
	-20	-173	-539
	 100	 399	 196
	 298	-184	 916
	-7	-18	 340
	 321	-179	 323
	 448	 56	 495
	 40	-372	 738
	 194	-33	-512
	 40	 455	 524
	 88	-66	 775
	 29	-192	 324
	 124	-116	 530
	-24	-172	-515
	 94	 394	 206
	 293	-181	 925
	-5	-33	 349
	 331	-175	 330
	 446	 50	 498
	 50	-372	 730
	 196	-31	-504
	 41	 446	 498
	 90	-66	 769
	 17	-202	 338
	 108	-120	 532
	-28	-174	-532
	 90	 388	 201
	 292	-175	 926
	 9	-25	 331
	 320	-175	 330
	 439	 66	 484
	 49	-375	 728
	 194	-39	-493
	 44	 449	 504
	 93	-65	 773
	 16	-186	 341
	 131	-124	 525
	-14	-175	-531
	 106	 394	 214
	 297	-189	 926
	-14	-18	 346
	 327	-182	 326
	 454	 56	 489
	 54	-373	 735
	 186	-32	-507
	 34	 454	 523
	 87	-73	 767
	 25	-202	 338
	 123	-111	 529
	-26	-178	-518
	 96	 395	 202
	 289	-179	 933
	 1	-25	 342
	 322	-179	 317
	 445	 58	 485
	 45	-383	 725
	 189	-43	-503
	 49	 476	 530
	 95	-66	 766
	 30	-194	 337
	 125	-118	 537
	-32	-174	-526
	 101	 391	 194
	 293	-181	 927
	-9	-20	 343
	 320	-179	 334
	 453	 59	 498
	 55	-384	 744
	 191	-42	-519
	 57	 461	 535
	 84	-60	 783
	 35	-204	 325
	 127	-123	 528
	-29	-184	-533
	 92	 401	 190
	 295	-180	 937
	 0	-34	 348
	 320	-184	 324
	 449	 58	 478
	 50	-377	 727
	 182	-38	-503
	 41	 458	 539
	 89	-74	 776
	 24	-207	 329
	 117	-120	 534
	-13	-173	-540
	 100	 395	 196
	 293	-180	 904
	 3	-32	 330
	 323	-181	 341
	 436	 56	 503
	 58	-393	 745
	 184	-32	-516
	 40	 469	 523
	 90	-65	 770
	 24	-192	 326
	 125	-114	 525
	-33	-176	-532
	 102	 402	 201
	 288	-185	 934
	-1	-28	 328
	 319	-175	 341
	 445	 62	 496
	 49	-374	 734
	 204	-39	-504
	 45	 470	 513
	 83	-80	 763
	 21	-194	 316
	 123	-120	 530
	-22	-168	-525
	 105	 401	 176
	 292	-189	 908
	-7	-28	 346
	 321	-182	 325
	 438	 59	 478
	 51	-372	 737
	 193	-36	-516
	 39	 458	 510
	 87	-74	 754
	 20	-197	 325
	 123	-121	 537
	-22	-176	-537
	 93	 393	 203
	 298	-184	 938
	 3	-24	 330
	 328	-181	 338
	 451	 54	 476
	 53	-385	 712
	 195	-32	-518
	 39	 466	 520
	 84	-51	 757
	 33	-188	 313
	 124	-119	 523
	-31	-172	-529
	 104	 397	 191
	 292	-174	 909
	-2	-23	 343
	 315	-175	 328
	 443	 61	 496
	 61	-372	 743
	 193	-37	-495
	 44	 462	 523
	 88	-77	 784
	 24	-193	 339
	 123	-115	 539
	-22	-169	-526
	 98	 400	 200
	 281	-181	 919
	-5	-38	 335
	 319	-178	 331
	 453	 57	 485
	 51	-378	 737
	 195	-26	-504
	 36	 465	 533
	 104	-76	 772
	 29	-193	 324
	 122	-123	 521
	-22	-179	-543
	 96	 395	 198
	 301	-183	 919
	-4	-28	 335
	 321	-169	 336
	 447	 53	 484
	 51	-378	 735
	 200	-21	-500
	 55	 460	 532
	 84	-72	 764
	 29	-185	 328
	 129	-124	 537
	-29	-173	-534
	 98	 398	 200
	 299	-181	 903
	-8	-23	 344
	 320	-185	 319
	 448	 57	 500
	 58	-384	 746
	 189	-34	-504
	 37	 465	 505
	 94	-75	 797
	 25	-194	 333
	 124	-115	 517
	-22	-172	-538
	 116	 400	 190
	 292	-180	 925
	-4	-28	 344
	 324	-182	 325
	 451	 48	 490
	 54	-380	 755
	 181	-41	-508
	 48	 463	 515
	 86	-75	 773
	 31	-188	 319
	 123	-123	 512
	-24	-174	-531
	 106	 393	 196
	 296	-194	 916
	-2	-19	 333
	 326	-173	 312
	 450	 43	 468
	 45	-375	 739
	 193	-41	-499
	 38	 464	 508
	 84	-65	 776
	 26	-183	 337
	 128	-131	 526
	-27	-175	-529
	 109	 396	 209
	 289	-175	 910
	-6	-18	 324
	 320	-179	 338
	 453	 59	 492
	 56	-388	 718
	 203	-33	-497
	 43	 472	 515
	 81	-64	 780
	 26	-198	 312
	 118	-122	 524
	-27	-163	-522
	 108	 394	 215
	 287	-172	 917
	-7	-31	 357
	 327	-186	 341
	 445	 48	 490
	 47	-378	 724
	 196	-37	-520
	 48	 463	 522
	 94	-76	 762
	 27	-194	 326
	 121	-122	 530
	-28	-165	-534
	 107	 390	 193
	 290	-184	 921
	 0	-25	 332
	 319	-167	 338
	 441	 46	 484
	 41	-371	 722
	 193	-47	-501
	 52	 462	 531
	 91	-63	 770
	 37	-210	 324
	 115	-128	 532
	-15	-168	-519
	 100	 390	 201
	 293	-184	 921
	-4	-32	 323
	 316	-183	 340
	 448	 56	 489
	 41	-375	 732
	 192	-33	-495
	 37	 457	 516
	 86	-71	 767
	 33	-187	 316
	 131	-123	 532
	-35	-180	-533
	 101	 391	 202
	 294	-192	 919
	-4	-23	 336
	 325	-174	 332
	 451	 56	 484
	 57	-369	 737
	 194	-39	-511
	 41	 458	 525
	 90	-62	 763
	 28	-191	 336
	 126	-129	 532
	-22	-174	-521
	 103	 397	 198
	 281	-190	 923
	 5	-32	 341
	 312	-177	 338
	 441	 56	 496
	 55	-375	 737
	 200	-35	-514
	 34	 468	 524
	 85	-69	 774
	 20	-191	 341
	 117	-112	 517
	-19	-163	-516
	 104	 395	 213
	 297	-184	 915
	-2	-31	 339
	 324	-171	 320
	 453	 56	 492
	 50	-370	 725
	 197	-39	-508
	 40	 469	 527
	 90	-64	 777
	 18	-205	 330
	 116	-137	 542
	-30	-166	-533
	 96	 397	 199
	 293	-175	 922
	-10	-31	 341
	 319	-179	 330
	 450	 61	 487
	 58	-376	 745
	 188	-37	-497
	 37	 460	 510
	 85	-78	 760
	 14	-186	 331
	 115	-125	 526
	-18	-178	-525
	 111	 388	 212
	 279	-181	 915
	-3	-29	 332
	 318	-174	 336
	 444	 54	 492
	 56	-369	 703
	 201	-34	-497
	 47	 460	 539
	 95	-75	 782
	 25	-194	 330
	 118	-121	 528
	-20	-172	-535
	 101	 388	 206
	 293	-178	 922
	-4	-22	 333
	 323	-184	 343
	 454	 52	 493
	 50	-382	 737
	 201	-36	-509
	 44	 462	 515
	 92	-75	 779
	 22	-189	 326
	 115	-120	 532
	-18	-179	-524
	 108	 397	 197
	 291	-165	 927
	 0	-39	 344
	 322	-184	 346
	 449	 61	 488
	 52	-376	 719
	 192	-30	-524
	 29	 455	 525
	 84	-74	 765
	 24	-195	 328
	 115	-115	 523
	-23	-171	-541
	 104	 393	 197
	 291	-184	 921
	-6	-23	 342
	 328	-184	 331
	 444	 66	 500
	 48	-380	 732
	 182	-30	-520
	 27	 454	 508
	 100	-62	 764
	 36	-193	 341
	 121	-127	 522
	-28	-176	-526
	 111	 391	 201
	 295	-186	 911
	-5	-18	 339
	 328	-182	 350
	 448	 55	 493
	 49	-371	 740
	 192	-31	-499
	 46	 454	 520
	 85	-76	 773
	 25	-196	 321
	 122	-126	 527
	-33	-171	-520
	 100	 385	 191
	 296	-181	 934
	 0	-23	 327
	 320	-183	 334
	 446	 61	 497
	 51	-384	 726
	 199	-40	-494
	 38	 464	 520
	 95	-70	 782
	 26	-198	 340
	 127	-123	 520
	-20	-178	-529
	 100	 401	 194
	 294	-180	 915
	-3	-34	 352
	 322	-182	 346
	 450	 61	 502
	 52	-375	 728
	 194	-39	-494
	 41	 464	 517
	 79	-69	 771
	 21	-185	 328
	 117	-114	 538
	-29	-178	-536
	 100	 388	 205
	 294	-184	 930
	-4	-17	 334
	 317	-172	 330
	 450	 60	 495
	 46	-386	 736
	 187	-36	-508
	 30	 465	 522
	 79	-63	 765
	 24	-193	 327
	 133	-121	 531
	-21	-178	-515
	 104	 406	 209
	 293	-168	 908
	-2	-28	 336
	 317	-185	 346
	 448	 57	 484
	 56	-383	 740
	 186	-32	-515
	 42	 451	 519
	 93	-66	 775
	 27	-191	 333
	 117	-118	 544
	-26	-175	-535
	 106	 403	 198
	 288	-176	 931
	-1	-33	 348
	 325	-184	 346
	 446	 59	 502
	 46	-378	 731
	 198	-41	-518
	 42	 464	 505
	 88	-72	 763
	 27	-201	 320
	 115	-129	 530
	-20	-181	-536
	 99	 398	 209
	 292	-170	 934
	 6	-25	 341
	 321	-176	 333
	 446	 67	 481
	 42	-374	 738
	 195	-45	-495
	 49	 463	 530
	 83	-69	 782
	 19	-198	 332
	 123	-124	 533
	-20	-175	-525
	 112	 393	 186
	 292	-180	 926
	-2	-22	 332
	 329	-179	 344
	 442	 59	 490
	 44	-377	 723
	 191	-26	-496
	 42	 462	 505
	 85	-64	 769
	 31	-184	 321
	 125	-110	 537
	-22	-175	-537
	 105	 388	 205
	 292	-187	 905
	-5	-28	 329
	 330	-182	 329
	 452	 56	 482
	 51	-369	 733
	 190	-38	-505
	 48	 462	 517
	 79	-75	 760
	 24	-190	 320
	 123	-121	 542
	-23	-183	-519
	 104	 388	 194
	 280	-176	 916
	 9	-26	 331
	 327	-179	 336
	 455	 61	 480
	 45	-381	 728
	 202	-39	-511
	 33	 464	 517
	 87	-72	 778
	 33	-197	 333
	 121	-127	 529
	-46	-177	-523
	 104	 396	 205
	 289	-184	 924
	-8	-23	 326
	 319	-167	 324
	 436	 49	 488
	 41	-369	 722
	 187	-39	-508
	 45	 465	 500
	 97	-74	 765
	 28	-199	 326
	 120	-118	 536
	-26	-170	-533
	 107	 399	 189
	 293	-187	 919
	-9	-24	 327
	 321	-188	 344
	 446	 54	 490
	 49	-374	 726
	 198	-34	-511
	 35	 464	 523
	 84	-59	 769
	 25	-184	 323
	 122	-121	 533
	-18	-186	-542
	 97	 397	 201
	 290	-188	 925
	-1	-22	 331
	 324	-171	 331
	 448	 75	 473
	 60	-379	 724
	 192	-30	-502
	 45	 458	 525
	 90	-60	 782
	 33	-192	 331
	 129	-122	 530
	-24	-175	-525
	 108	 396	 190
	 284	-184	 921
	-1	-20	 334
	 318	-179	 334
	 444	 47	 491
	 51	-378	 717
	 189	-36	-498
	 40	 465	 518
	 89	-59	 775
	 29	-194	 328
	 124	-115	 541
	-33	-175	-526
	 99	 385	 195
	 284	-180	 925
	-8	-22	 347
	 323	-175	 332
	 452	 52	 492
	 52	-382	 749
	 196	-34	-516
	 39	 465	 487
	 85	-65	 766
	 22	-188	 325
	 125	-113	 531
	-25	-171	-524
	 102	 403	 206
	 289	-194	 934
	 2	-21	 348
	 318	-179	 338
	 443	 57	 496
	 52	-371	 721
	 200	-26	-501
	 40	 463	 521
	 87	-56	 765
	 27	-194	 326
	 128	-127	 532
	-16	-184	-524
	 96	 388	 209
	 291	-177	 904
	 0	-28	 334
	 324	-179	 352
	 443	 55	 495
	 53	-390	 725
	 199	-33	-506
	 40	 467	 525
	 92	-61	 754
	 17	-192	 328
	 119	-119	 541
	-22	-185	-525
	 102	 396	 204
	 298	-183	 929
	-11	-31	 332
	 323	-180	 337
	 447	 52	 502
	 52	-378	 738
	 201	-33	-512
	 40	 462	 514
	 91	-67	 779
	 20	-198	 327
	 120	-121	 515
	-25	-192	-526
	 100	 398	 213
	 297	-170	 925
	 8	-24	 328
	 316	-180	 339
	 454	 58	 487
	 51	-380	 725
	 202	-26	-493
	 50	 468	 513
	 87	-71	 771
	 36	-207	 315
	 116	-118	 523
	-26	-168	-527
	 99	 397	 205
	 298	-193	 908
	-6	-27	 348
	 322	-169	 324
	 435	 55	 497
	 37	-378	 733
	 190	-32	-492
	 40	 465	 534
	 89	-75	 759
	 22	-207	 324
	 115	-122	 520
	-23	-172	-548
	 110	 392	 180
	 284	-176	 913
	 9	-29	 339
	 321	-181	 343
	 444	 51	 506
	 36	-377	 728
	 203	-39	-521
	 42	 457	 517
	 81	-76	 773
	 23	-198	 330
	 125	-116	 533
	-15	-170	-530
	 98	 393	 205
	 285	-169	 910
	-9	-25	 340
	 335	-183	 341
	 443	 59	 477
	 51	-379	 735
	 189	-37	-514
	 33	 468	 530
	 98	-60	 788
	 35	-197	 317
	 118	-120	 522
	-22	-179	-538
	 101	 399	 212
	 299	-181	 907
	-13	-35	 331
	 325	-179	 336
	 450	 56	 499
	 44	-372	 726
	 186	-32	-512
	 37	 456	 521
	 86	-69	 768
	 27	-195	 346
	 122	-132	 541
	-19	-164	-525
	 103	 395	 202
	 299	-175	 928
	 0	-28	 323
	 317	-173	 336
	 444	 66	 509
	 40	-391	 721
	 193	-37	-515
	 61	 455	 510
	 84	-69	 781
	 30	-193	 332
	 118	-124	 534
	-17	-184	-516
	 101	 403	 208
	 295	-185	 929
	 1	-30	 334
	 324	-171	 336
	 458	 57	 490
	 50	-381	 738
	 180	-29	-506
	 42	 461	 513
	 78	-63	 772
	 29	-195	 333
	 132	-128	 540
	-24	-174	-523
	 95	 392	 187
	 301	-187	 914
	 2	-34	 337
	 321	-182	 352
	 435	 68	 492
	 50	-379	 751
	 195	-41	-515
	 38	 456	 522
	 85	-75	 780
	 15	-200	 328
	 121	-126	 538
	-24	-182	-533
	 107	 395	 206
	 289	-176	 909
	 0	-28	 332
	 318	-179	 350
	 440	 59	 495
	 49	-374	 743
	 180	-40	-516
	 34	 465	 514
	 96	-70	 781
	 27	-187	 310
	 121	-120	 537
	-20	-171	-532
	 107	 403	 197
	 291	-175	 916
	-7	-25	 339
	 330	-169	 323
	 454	 53	 484
	 54	-388	 732
	 205	-36	-522
	 41	 467	 528
	 81	-65	 755
	 10	-198	 325
	 122	-118	 526
	-23	-184	-523
	 103	 392	 206
	 291	-184	 906
	 3	-37	 362
	 316	-176	 339
	 452	 49	 490
	 46	-372	 720
	 198	-36	-494
	 40	 458	 522
	 90	-71	 762
	 15	-192	 323
	 126	-121	 527
	-27	-172	-519
	 112	 394	 227
	 292	-185	 911
	-7	-31	 335
	 322	-182	 353
	 449	 59	 487
	 51	-375	 732
	 201	-37	-505
	 45	 471	 506
	 81	-73	 775
	 27	-189	 342
	 127	-113	 530
	-20	-181	-529
	 90	 392	 199
	 294	-168	 927
	-4	-29	 347
	 329	-179	 341
	 457	 53	 494
	 41	-376	 748
	 193	-34	-498
	 42	 469	 521
	 89	-73	 773
	 31	-200	 330
	 125	-124	 550
	-31	-173	-533
	 107	 395	 204
	 294	-180	 920
	-7	-35	 353
	 326	-181	 343
	 448	 54	 497
	 42	-373	 741
	 199	-35	-506
	 52	 459	 536
	 83	-76	 771
	 23	-196	 331
	 113	-135	 528
	-18	-173	-516
	 110	 392	 224
	 295	-182	 912
	 3	-20	 333
	 323	-174	 324
	 448	 51	 499
	 65	-383	 732
	 187	-35	-492
	 44	 463	 505
	 88	-74	 779
	 21	-185	 322
	 119	-124	 534
	-26	-179	-531
	 103	 394	 209
	 297	-179	 916
	-10	-25	 346
	 317	-177	 330
	 444	 64	 502
	 47	-378	 737
	 187	-43	-484
	 34	 456	 496
	 89	-65	 779
	 14	-191	 332
	 129	-124	 534
	-28	-182	-523
	 103	 399	 188
	 292	-189	 906
	 2	-25	 334
	 322	-181	 331
	 450	 69	 488
	 49	-381	 729
	 190	-28	-503
	 37	 474	 526
	 85	-68	 781
	 23	-178	 341
	 123	-111	 523
	-36	-189	-540
	 92	 389	 217
	 289	-178	 914
	-4	-23	 340
	 323	-183	 340
	 453	 56	 470
	 54	-377	 721
	 192	-38	-506
	 41	 463	 516
	 86	-71	 767
	 27	-193	 330
	 119	-117	 536
	-31	-172	-517
	 96	 398	 201
	 291	-170	 911
	 1	-26	 356
	 318	-185	 326
	 452	 59	 488
	 48	-377	 727
	 194	-30	-499
	 42	 456	 523
	 84	-60	 771
	 21	-196	 327
	 118	-125	 538
	-14	-177	-551
	 108	 393	 183
	 297	-184	 921
	-4	-25	 332
	 317	-176	 330
	 452	 59	 497
	 46	-387	 722
	 209	-34	-514
	 39	 462	 503
	 95	-67	 764
	 28	-197	 315
	 115	-129	 518
	-15	-176	-533
	 101	 382	 191
	 296	-186	 924
	-3	-15	 339
	 325	-184	 338
	 444	 50	 494
	 48	-375	 731
	 197	-27	-505
	 40	 463	 504
	 99	-73	 764
	 22	-198	 317
	 122	-120	 533
	-24	-176	-525
	 98	 400	 206
	 298	-175	 914
	-13	-30	 346
	 328	-181	 363
	 453	 59	 500
	 44	-381	 734
	 197	-34	-519
	 42	 464	 504
	 88	-72	 760
	 18	-202	 321
	 129	-121	 531
	-32	-178	-532
	 104	 397	 199
	 305	-186	 911
	 0	-17	 341
	 314	-184	 342
	 448	 56	 487
	 48	-378	 714
	 190	-34	-499
	 40	 466	 518
	 82	-66	 771
	 21	-193	 334
	 118	-121	 519
	-25	-176	-535
	 105	 400	 206
	 295	-183	 919
	-6	-38	 326
	 326	-186	 338
	 453	 50	 514
	 59	-369	 725
	 194	-41	-515
	 47	 466	 517
	 86	-79	 767
	 19	-181	 329
	 122	-134	 522
	-31	-177	-529
	 106	 399	 194
	 300	-189	 902
	-5	-34	 347
	 323	-179	 326
	 450	 62	 489
	 43	-383	 728
	 189	-32	-503
	 51	 464	 510
	 93	-74	 767
	 28	-197	 336
	 125	-123	 542
	-15	-169	-533
	 102	 391	 196
	 301	-173	 906
	-2	-27	 343
	 319	-185	 345
	 438	 66	 502
	 38	-381	 716
	 193	-43	-508
	 44	 466	 520
	 85	-65	 767
	 23	-198	 312
	 122	-121	 526
	-24	-176	-535
	 99	 395	 198
	 289	-178	 937
	-2	-30	 332
	 328	-173	 333
	 444	 60	 488
	 52	-374	 743
	 194	-39	-496
	 44	 469	 523
	 85	-55	 766
	 28	-188	 319
	 127	-118	 520
	-18	-175	-523
	 103	 403	 213
	 295	-176	 914
	 3	-30	 340
	 324	-179	 333
	 444	 66	 489
	 57	-384	 722
	 193	-37	-510
	 41	 466	 516
	 85	-73	 772
	 27	-205	 315
	 127	-126	 545
	-14	-180	-518
	 96	 386	 223
	 287	-191	 911
	-10	-23	 337
	 326	-183	 316
	 451	 51	 498
	 58	-382	 727
	 195	-33	-497
	 39	 470	 519
	 82	-79	 792
	 13	-188	 320
	 123	-118	 528
	-19	-183	-528
	 105	 398	 192
	 293	-178	 911
	-5	-23	 345
	 315	-182	 347
	 443	 52	 492
	 49	-358	 718
	 195	-31	-506
	 40	 452	 529
	 83	-64	 768
	 27	-190	 321
	 118	-124	 535
	-34	-169	-536
	 104	 405	 196
	 307	-180	 924
	-12	-27	 338
	 318	-176	 342
	 446	 48	 488
	 40	-383	 721
	 191	-38	-497
	 38	 457	 521
	 86	-70	 754
	 29	-182	 328
	 123	-119	 524
	-23	-173	-532
	 104	 397	 189
	 298	-182	 943
	-1	-27	 349
	 324	-171	 347
	 448	 58	 498
	 41	-391	 750
	 200	-31	-527
	 37	 469	 498
	 81	-65	 757
	 29	-198	 321
	 121	-127	 534
	-21	-183	-528
	 111	 403	 192
	 283	-190	 925
	 4	-22	 326
	 319	-180	 318
	 450	 65	 482
	 41	-379	 707
	 200	-41	-496
	 47	 463	 543
	 99	-58	 763
	 29	-188	 328
	 122	-118	 522
	-21	-168	-545
	 104	 399	 179
	 295	-186	 921
	-7	-40	 334
	 330	-177	 335
	 444	 57	 509
	 54	-373	 743
	 190	-26	-505
	 43	 469	 521
	 82	-69	 779
	 34	-188	 349
	 124	-121	 522
	-18	-184	-545
	 108	 389	 188
	 299	-186	 916
	-2	-21	 356
	 326	-185	 346
	 447	 54	 492
	 48	-372	 733
	 185	-37	-508
	 32	 465	 521
	 81	-62	 782
	 13	-198	 340
	 122	-119	 520
	-21	-169	-545
	 107	 392	 194
	 286	-181	 919
	 4	-23	 340
	 317	-182	 334
	 443	 59	 481
	 45	-384	 724
	 196	-31	-528
	 36	 461	 503
	 80	-67	 754
	 28	-205	 326
	 120	-117	 531
	-20	-169	-521
	 104	 397	 204
	 304	-178	 915
	-5	-29	 358
	 319	-178	 322
	 443	 44	 495
	 54	-379	 740
	 194	-24	-489
