X	Y	Z
-85	-189	-522
 46	 334	 220
 86	-64	 641
 7	-19	 228
 210	-268	 211
 447	 36	 508
-1	-406	 805
 202	-65	-363
-39	 470	 486
 1	-90	 774
-50	-164	 327
 53	-136	 542
-90	-192	-510
 51	 335	 215
 84	-53	 623
 15	-13	 213
 216	-267	 219
 458	 29	 517
-5	-405	 813
 196	-78	-358
-34	 485	 503
 8	-98	 775
-54	-174	 322
 50	-153	 552
-85	-198	-531
 57	 339	 215
 97	-52	 629
 4	-20	 225
 205	-269	 210
 454	 42	 508
-1	-400	 807
 190	-68	-355
-33	 485	 500
 1	-90	 789
-62	-162	 330
 52	-144	 542
-87	-203	-543
 51	 339	 200
 89	-59	 638
 0	-16	 220
 208	-266	 221
 460	 44	 534
-7	-413	 811
 193	-75	-353
-38	 473	 480
-3	-95	 791
-46	-166	 324
 42	-150	 561
-88	-188	-541
 60	 325	 217
 91	-57	 633
 17	-25	 235
 211	-270	 198
 445	 31	 523
-5	-406	 797
 202	-63	-370
-37	 473	 498
 2	-92	 787
-54	-167	 319
 41	-140	 567
-78	-200	-530
 47	 332	 209
 89	-76	 647
 18	-10	 246
 200	-272	 230
 446	 36	 517
-10	-407	 817
 201	-74	-358
-33	 484	 500
 0	-93	 768
-55	-160	 326
 50	-145	 555
-87	-192	-526
 53	 343	 225
 95	-58	 625
 8	-15	 230
 209	-269	 229
 448	 40	 498
 7	-404	 794
 192	-75	-366
-31	 478	 486
 0	-97	 759
-63	-165	 318
 59	-158	 554
-85	-195	-532
 54	 336	 213
 87	-54	 625
 0	-5	 220
 220	-262	 233
 464	 36	 517
 1	-409	 805
 193	-74	-361
-38	 466	 487
 5	-108	 769
-55	-162	 326
 46	-149	 546
-79	-191	-529
 60	 344	 217
 85	-56	 647
 7	-12	 204
 214	-265	 214
 454	 33	 529
 4	-402	 805
 190	-72	-343
-40	 479	 491
 3	-94	 774
-53	-163	 318
 40	-146	 536
-81	-197	-515
 53	 337	 231
 97	-66	 631
 0	-15	 223
 203	-274	 216
 456	 35	 513
-3	-412	 819
 196	-66	-363
-34	 474	 487
 5	-101	 778
-58	-174	 308
 56	-137	 556
-71	-195	-538
 54	 340	 215
 88	-52	 633
 5	-18	 219
 209	-268	 216
 445	 37	 518
-5	-408	 813
 196	-68	-356
-41	 480	 505
 4	-84	 775
-56	-168	 320
 53	-162	 550
-86	-198	-542
 55	 339	 228
 87	-57	 622
 17	-11	 223
 217	-273	 222
 453	 38	 515
 2	-412	 823
 195	-63	-354
-30	 482	 490
 3	-87	 768
-52	-170	 335
 52	-150	 550
-84	-204	-541
 62	 339	 213
 90	-61	 630
 7	-24	 227
 210	-281	 209
 452	 40	 499
 1	-405	 812
 197	-70	-368
-37	 477	 486
 3	-83	 765
-33	-166	 324
 62	-157	 548
-88	-192	-517
 55	 335	 213
 82	-69	 621
 12	-12	 222
 211	-272	 208
 449	 36	 516
 5	-404	 803
 186	-68	-366
-32	 470	 490
 6	-97	 781
-54	-166	 320
 52	-141	 568
-88	-202	-536
 55	 343	 206
 83	-52	 631
-4	-14	 221
 212	-270	 235
 446	 49	 512
 0	-410	 809
 194	-75	-352
-24	 474	 491
 6	-97	 787
-54	-169	 329
 45	-142	 560
-85	-194	-532
 68	 329	 207
 86	-67	 631
-1	-14	 223
 213	-271	 211
 453	 37	 505
-13	-410	 807
 190	-75	-348
-39	 476	 485
-13	-98	 784
-54	-158	 327
 46	-148	 546
-87	-197	-525
 48	 335	 222
 79	-61	 635
 7	-14	 233
 214	-264	 224
 452	 47	 526
 3	-411	 812
 199	-66	-363
-28	 486	 484
 1	-95	 769
-60	-168	 331
 49	-155	 553
-94	-209	-521
 49	 333	 208
 79	-63	 635
 7	-15	 222
 216	-278	 214
 449	 39	 528
-6	-410	 820
 199	-68	-363
-33	 475	 512
 1	-113	 785
-54	-169	 333
 53	-142	 566
-88	-189	-519
 52	 328	 236
 87	-56	 660
 7	-25	 225
 206	-272	 214
 448	 29	 512
 2	-395	 812
 188	-70	-368
-34	 489	 490
 0	-99	 772
-52	-162	 320
 42	-142	 567
-95	-204	-532
 63	 330	 205
 75	-59	 626
 13	-10	 230
 212	-269	 234
 457	 29	 520
-2	-411	 808
 188	-80	-356
-47	 481	 508
 3	-91	 770
-52	-163	 325
 44	-149	 565
-88	-201	-532
 55	 332	 201
 92	-58	 637
 11	-26	 213
 207	-262	 224
 445	 41	 518
 1	-408	 806
 201	-64	-355
-36	 484	 513
-4	-96	 769
-50	-173	 323
 49	-156	 550
-95	-189	-522
 54	 336	 193
 98	-58	 641
 16	-23	 237
 209	-277	 215
 456	 41	 514
-2	-412	 810
 194	-63	-381
-31	 471	 477
 7	-97	 784
-45	-169	 321
 57	-146	 560
-91	-191	-530
 51	 329	 229
 85	-65	 640
 4	-18	 211
 225	-269	 225
 454	 45	 530
 0	-402	 820
 193	-67	-350
-32	 483	 473
-4	-109	 774
-56	-168	 328
 56	-153	 558
-85	-195	-555
 53	 334	 214
 90	-58	 631
 4	-8	 239
 217	-273	 229
 459	 41	 519
 0	-411	 812
 185	-67	-372
-39	 479	 495
 0	-93	 779
-35	-163	 311
 45	-153	 547
-77	-200	-538
 54	 341	 210
 83	-63	 634
 10	-23	 224
 208	-270	 207
 447	 48	 520
 0	-403	 807
 191	-67	-372
-35	 478	 498
-1	-99	 790
-37	-157	 323
 55	-151	 556
-81	-198	-515
 55	 342	 228
 80	-63	 617
 15	-11	 232
 211	-266	 233
 464	 40	 503
 3	-408	 831
 186	-72	-350
-36	 478	 501
-4	-97	 788
-57	-173	 318
 56	-148	 555
-80	-186	-547
 43	 343	 214
 85	-64	 641
 2	-12	 205
 221	-275	 210
 462	 37	 506
 3	-410	 817
 193	-69	-371
-41	 475	 504
 3	-97	 770
-48	-169	 323
 54	-158	 542
-87	-197	-529
 70	 333	 231
 79	-65	 633
 14	-23	 226
 211	-274	 229
 460	 39	 521
 1	-410	 792
 190	-65	-355
-31	 480	 494
 4	-91	 776
-39	-173	 325
 50	-150	 557
-70	-195	-539
 50	 336	 228
 89	-61	 643
 3	-18	 217
 213	-279	 219
 456	 45	 511
 0	-412	 807
 191	-64	-374
-34	 469	 502
-9	-99	 757
-45	-154	 317
 55	-160	 537
-84	-188	-525
 60	 331	 220
 87	-59	 637
 6	-20	 226
 202	-274	 223
 451	 40	 527
 3	-414	 805
 195	-61	-367
-31	 483	 497
-3	-96	 774
-51	-158	 326
 51	-147	 564
-89	-194	-526
 66	 341	 218
 84	-71	 645
 14	-25	 209
 217	-271	 213
 459	 41	 521
-4	-409	 828
 189	-72	-375
-32	 470	 503
-3	-95	 776
-47	-170	 335
 53	-142	 559
-86	-196	-528
 54	 342	 225
 91	-53	 633
 8	-13	 215
 212	-283	 224
 460	 36	 504
-5	-412	 819
 188	-59	-362
-40	 490	 494
-3	-94	 762
-46	-167	 334
 54	-141	 554
-83	-196	-520
 55	 335	 222
 86	-59	 615
 14	-13	 228
 217	-262	 224
 463	 42	 519
 3	-404	 815
 194	-63	-360
-38	 479	 504
 0	-88	 789
-55	-174	 313
 54	-153	 568
-77	-199	-535
 50	 343	 212
 81	-59	 630
 7	-9	 224
 211	-279	 210
 457	 46	 523
 0	-410	 804
 201	-73	-352
-38	 476	 497
 3	-95	 774
-62	-162	 333
 54	-147	 576
-92	-200	-523
 57	 326	 221
 86	-60	 649
 8	-18	 243
 211	-275	 204
 449	 38	 503
-3	-403	 817
 193	-58	-358
-31	 477	 477
-5	-102	 765
-49	-176	 333
 39	-142	 561
-87	-189	-525
 61	 332	 220
 86	-73	 632
 0	-10	 217
 217	-263	 194
 459	 39	 509
-8	-408	 800
 181	-70	-367
-36	 478	 498
 4	-104	 790
-53	-172	 323
 51	-144	 544
-80	-194	-528
 55	 335	 209
 87	-55	 629
 8	-26	 224
 208	-281	 202
 445	 36	 503
 0	-411	 799
 194	-65	-360
-35	 465	 505
 5	-99	 786
-46	-162	 330
 50	-158	 569
-86	-195	-526
 52	 335	 231
 84	-67	 631
 5	-7	 221
 222	-271	 207
 447	 26	 500
-2	-405	 807
 192	-64	-376
-32	 481	 495
 7	-97	 776
-61	-175	 331
 53	-153	 563
-87	-202	-525
 59	 344	 244
 87	-68	 645
 9	-19	 227
 208	-273	 229
 449	 40	 510
 5	-409	 828
 196	-71	-350
-38	 480	 504
-1	-94	 787
-52	-165	 323
 49	-152	 571
-85	-186	-533
 56	 331	 225
 86	-64	 626
 3	-5	 214
 205	-264	 213
 455	 36	 504
 3	-411	 824
 189	-78	-356
-31	 477	 470
-2	-97	 792
-55	-174	 333
 42	-160	 572
-77	-179	-539
 52	 341	 227
 85	-62	 628
 3	-21	 216
 212	-277	 216
 451	 35	 520
 0	-410	 807
 189	-71	-362
-40	 477	 500
 1	-105	 772
-46	-163	 312
 41	-152	 549
-83	-184	-534
 52	 332	 226
 87	-58	 629
 10	-15	 222
 213	-263	 219
 454	 43	 506
 1	-405	 815
 180	-65	-356
-27	 486	 501
-5	-98	 768
-47	-163	 323
 51	-135	 553
-76	-197	-516
 66	 347	 225
 87	-62	 644
 3	-18	 222
 224	-274	 227
 455	 43	 512
-2	-412	 811
 194	-65	-356
-39	 473	 505
 4	-96	 772
-47	-163	 335
 43	-143	 545
-87	-198	-523
 61	 336	 209
 83	-61	 614
 12	-7	 228
 212	-271	 214
 458	 34	 518
-1	-407	 801
 187	-64	-348
-36	 476	 497
 0	-98	 760
-49	-170	 323
 56	-151	 569
-86	-192	-535
 63	 334	 220
 89	-68	 629
-1	-6	 236
 211	-269	 219
 445	 35	 502
-4	-404	 800
 188	-67	-378
-30	 484	 502
 2	-98	 783
-47	-168	 335
 57	-158	 547
-95	-178	-529
 50	 342	 220
 97	-63	 607
 16	-14	 221
 210	-260	 215
 454	 31	 514
 4	-408	 815
 192	-65	-368
-38	 477	 494
-3	-91	 769
-53	-170	 318
 52	-142	 553
-83	-190	-526
 57	 343	 209
 90	-59	 636
 10	-14	 210
 219	-268	 202
 454	 40	 493
-1	-403	 812
 192	-75	-365
-32	 477	 494
 1	-89	 774
-45	-168	 336
 55	-155	 551
-79	-188	-533
 65	 335	 214
 88	-62	 613
 15	-11	 220
 208	-265	 221
 454	 30	 519
 4	-410	 816
 201	-64	-362
-38	 474	 495
-4	-96	 759
-42	-160	 326
 48	-151	 569
-85	-211	-525
 51	 338	 223
 93	-62	 642
 3	-25	 229
 213	-278	 207
 446	 32	 519
-1	-407	 808
 180	-67	-364
-34	 483	 505
-6	-85	 785
-52	-171	 338
 61	-149	 569
-80	-193	-537
 52	 341	 222
 85	-70	 646
 11	-14	 217
 208	-265	 209
 456	 34	 498
 3	-400	 809
 197	-72	-368
-33	 481	 507
-3	-105	 773
-48	-165	 318
 57	-149	 575
-88	-187	-538
 58	 330	 215
 86	-72	 609
 14	-25	 221
 213	-271	 201
 449	 30	 517
 5	-412	 816
 197	-69	-361
-41	 476	 498
 0	-102	 772
-37	-169	 328
 49	-150	 542
-91	-193	-520
 66	 332	 202
 80	-65	 627
 5	-14	 247
 217	-261	 231
 458	 41	 533
-4	-395	 825
 194	-68	-387
-35	 469	 480
-1	-92	 768
-45	-165	 315
 58	-150	 558
-90	-188	-542
 50	 345	 216
 77	-62	 630
 14	-10	 228
 206	-263	 223
 458	 39	 510
 2	-402	 802
 183	-66	-360
-35	 482	 500
 2	-91	 774
-53	-159	 321
 52	-141	 562
-84	-198	-531
 61	 335	 211
 85	-57	 643
 9	-21	 227
 215	-265	 213
 448	 37	 520
 9	-403	 810
 186	-72	-368
-30	 472	 477
 0	-102	 762
-44	-174	 311
 42	-151	 559
-88	-191	-528
 58	 342	 229
 88	-63	 629
 1	-11	 227
 223	-265	 209
 450	 43	 509
 0	-403	 796
 188	-65	-356
-28	 487	 492
 10	-95	 789
-55	-174	 311
 46	-147	 553
-85	-194	-507
 60	 324	 225
 77	-57	 640
 0	-26	 226
 223	-267	 207
 453	 31	 515
-1	-409	 819
 185	-75	-343
-36	 490	 489
 2	-106	 768
-52	-166	 318
 55	-149	 551
-88	-192	-532
 58	 330	 220
 91	-65	 629
 5	-15	 227
 216	-266	 224
 458	 43	 516
 10	-408	 809
 190	-60	-363
-37	 478	 502
 0	-92	 778
-47	-161	 348
 61	-147	 546
-86	-199	-520
 63	 338	 217
 92	-67	 652
 7	-17	 215
 208	-271	 212
 457	 45	 537
 8	-399	 817
 195	-67	-370
-38	 472	 486
 5	-93	 773
-47	-173	 330
 47	-148	 548
-96	-198	-539
 59	 332	 214
 87	-59	 630
 11	-5	 210
 209	-269	 222
 455	 46	 513
-1	-414	 808
 194	-68	-369
-42	 475	 488
-1	-104	 771
-47	-169	 318
 45	-143	 569
-92	-197	-523
 58	 346	 232
 83	-54	 630
 2	-17	 226
 214	-274	 219
 457	 32	 520
 11	-399	 816
 183	-60	-358
-32	 477	 501
-1	-88	 780
-41	-165	 315
 46	-147	 559
-73	-196	-517
 60	 336	 230
 98	-56	 637
 8	-23	 217
 211	-264	 230
 451	 29	 496
 4	-401	 818
 197	-67	-365
-35	 473	 490
 0	-93	 771
-55	-173	 318
 53	-148	 567
-86	-200	-528
 50	 334	 201
 84	-61	 618
 7	-10	 216
 211	-268	 224
 451	 37	 511
 1	-406	 797
 201	-64	-372
-22	 476	 488
 1	-93	 765
-50	-171	 332
 42	-152	 562
-80	-213	-524
 59	 333	 208
 90	-56	 651
 14	-20	 231
 215	-275	 214
 449	 32	 509
 0	-399	 801
 197	-70	-353
-49	 469	 504
-12	-90	 780
-47	-169	 324
 52	-154	 530
-83	-199	-525
 63	 334	 211
 84	-53	 625
 1	-10	 221
 207	-278	 225
 452	 40	 520
-3	-408	 809
 196	-75	-354
-36	 482	 514
 1	-96	 768
-54	-165	 325
 52	-149	 564
-83	-196	-523
 46	 335	 210
 91	-56	 622
 8	-9	 230
 217	-274	 219
 449	 32	 504
-3	-412	 799
 187	-69	-380
-41	 477	 496
 4	-99	 779
-57	-169	 340
 55	-145	 553
-76	-197	-522
 51	 332	 225
 88	-57	 615
 10	-14	 214
 216	-283	 218
 449	 41	 511
 0	-404	 790
 186	-63	-349
-34	 492	 469
 0	-89	 779
-48	-173	 316
 47	-152	 560
-84	-193	-542
 63	 333	 209
 80	-56	 632
 21	-17	 232
 205	-266	 203
 450	 34	 511
 1	-407	 816
 197	-70	-358
-37	 479	 489
 7	-107	 793
-45	-162	 308
 62	-149	 538
-89	-194	-528
 55	 328	 203
 89	-64	 636
 13	-15	 222
 212	-273	 220
 458	 34	 504
 4	-413	 821
 192	-72	-341
-27	 478	 497
 1	-91	 782
-58	-164	 321
 53	-154	 555
-80	-200	-540
 60	 337	 222
 86	-58	 622
 9	-19	 222
 221	-266	 239
 452	 36	 511
 5	-405	 828
 187	-71	-366
-34	 489	 494
-6	-106	 779
-52	-166	 322
 55	-152	 567
-92	-192	-510
 51	 335	 214
 91	-62	 643
 17	-15	 223
 211	-273	 201
 455	 35	 501
-2	-414	 807
 197	-67	-347
-40	 479	 497
 10	-98	 767
-53	-163	 346
 51	-148	 573
-95	-185	-540
 66	 332	 221
 97	-52	 626
 12	-24	 234
 214	-265	 216
 447	 37	 489
-7	-398	 820
 199	-69	-383
-34	 484	 503
 0	-90	 768
-40	-176	 338
 54	-151	 552
-89	-185	-525
 55	 329	 218
 84	-59	 634
-5	-22	 245
 212	-269	 208
 454	 35	 493
-6	-404	 811
 188	-69	-371
-23	 471	 501
 3	-95	 770
-45	-161	 305
 50	-151	 559
-83	-200	-508
 52	 339	 220
 89	-66	 627
 4	-16	 240
 214	-272	 211
 457	 33	 516
-4	-404	 829
 200	-64	-355
-37	 484	 489
 5	-96	 770
-46	-165	 313
 53	-148	 572
-79	-191	-538
 58	 337	 227
 90	-54	 645
 8	-13	 220
 223	-275	 219
 456	 37	 525
 1	-402	 793
 194	-71	-358
-24	 479	 490
 9	-94	 789
-44	-167	 337
 47	-151	 543
-77	-204	-537
 56	 330	 214
 82	-59	 649
 6	-18	 231
 212	-264	 235
 463	 29	 522
 5	-409	 811
 194	-65	-365
-26	 468	 476
 14	-88	 776
-48	-164	 342
 49	-151	 573
-85	-199	-530
 53	 334	 215
 99	-61	 624
 21	-10	 206
 216	-263	 240
 449	 41	 510
 1	-412	 814
 196	-72	-357
-26	 482	 497
 3	-96	 774
-53	-171	 323
 59	-144	 541
-86	-200	-534
 64	 333	 208
 81	-61	 639
 0	-13	 235
 210	-269	 217
 467	 47	 511
 1	-407	 815
 192	-71	-361
-30	 485	 492
-5	-100	 758
-52	-165	 331
 54	-150	 553
-83	-195	-549
 55	 339	 212
 86	-66	 629
 11	-20	 224
 212	-271	 202
 454	 40	 523
-8	-406	 816
 198	-66	-362
-43	 475	 493
 12	-101	 775
-51	-169	 314
 52	-151	 558
-82	-200	-538
 48	 334	 215
 77	-62	 642
 6	-13	 231
 216	-263	 212
 455	 49	 512
-1	-411	 814
 198	-75	-355
-38	 473	 512
-3	-99	 756
-54	-174	 332
 49	-156	 564
-81	-190	-534
 56	 340	 212
 93	-63	 629
 2	-14	 217
 227	-272	 219
 459	 37	 528
-2	-400	 802
 192	-66	-358
-39	 472	 497
 1	-101	 787
-46	-159	 319
 50	-148	 540
-90	-193	-523
 61	 342	 207
 89	-61	 639
 20	-19	 219
 214	-276	 230
 450	 35	 519
-6	-410	 808
 196	-83	-362
-42	 483	 475
 3	-93	 768
-43	-163	 340
 43	-158	 541
-83	-189	-534
 50	 334	 216
 82	-64	 637
 8	-20	 232
 221	-260	 224
 457	 24	 506
 9	-405	 820
 194	-67	-363
-36	 483	 500
 0	-89	 781
-44	-166	 323
 51	-150	 569
-98	-195	-527
 50	 330	 219
 77	-65	 637
 0	-18	 210
 206	-264	 220
 451	 33	 533
 4	-401	 806
 194	-70	-360
-33	 476	 480
 4	-97	 777
-48	-160	 321
 49	-157	 551
-75	-203	-542
 51	 333	 195
 90	-66	 629
 7	-8	 218
 215	-275	 214
 444	 32	 503
-3	-406	 801
 198	-65	-384
-30	 477	 492
 11	-97	 764
-53	-165	 319
 46	-159	 562
-80	-195	-532
 59	 338	 206
 76	-56	 613
 10	-24	 234
 219	-275	 207
 446	 41	 513
 1	-407	 824
 198	-63	-345
-36	 479	 470
 1	-99	 780
-48	-166	 319
 52	-148	 535
-84	-196	-535
 55	 332	 197
 85	-65	 637
 1	-17	 220
 216	-271	 215
 459	 45	 518
 9	-412	 803
 189	-71	-365
-33	 482	 483
-1	-103	 778
-53	-161	 325
 51	-147	 562
-84	-193	-534
 63	 337	 217
 99	-52	 645
 3	-8	 218
 208	-265	 200
 444	 46	 513
 0	-403	 814
 192	-82	-356
-43	 486	 483
 7	-93	 761
-55	-171	 336
 52	-154	 552
-77	-193	-537
 56	 348	 200
 81	-54	 622
 2	-10	 226
 220	-271	 222
 451	 34	 516
 3	-407	 815
 192	-76	-372
-29	 471	 520
-7	-94	 769
-56	-162	 300
 43	-148	 556
-77	-192	-525
 51	 342	 226
 85	-56	 637
 10	-17	 233
 212	-272	 209
 453	 36	 519
 0	-404	 811
 207	-65	-372
-37	 488	 473
 0	-103	 777
-57	-163	 345
 45	-151	 559
-76	-181	-529
 56	 336	 229
 84	-63	 629
 13	-7	 216
 204	-269	 224
 462	 31	 505
 0	-410	 805
 187	-66	-352
-33	 480	 466
-4	-91	 765
-47	-158	 334
 39	-150	 558
-84	-194	-538
 70	 331	 228
 92	-55	 630
 11	-15	 207
 217	-267	 233
 456	 38	 504
-1	-405	 794
 186	-62	-362
-26	 484	 482
-3	-99	 777
-54	-170	 315
 50	-154	 554
-85	-194	-513
 61	 329	 219
 74	-60	 630
 2	-9	 228
 200	-272	 221
 448	 44	 535
 0	-404	 812
 189	-68	-345
-37	 475	 491
 10	-102	 789
-45	-169	 330
 51	-162	 550
-86	-190	-533
 54	 334	 209
 86	-57	 632
 3	-18	 227
 218	-265	 221
 437	 34	 534
-8	-399	 813
 198	-78	-371
-37	 476	 491
 0	-95	 786
-47	-168	 336
 40	-159	 555
-80	-196	-534
 51	 331	 224
 84	-56	 635
 5	-11	 219
 221	-269	 212
 470	 31	 513
 0	-407	 810
 191	-71	-355
-37	 485	 491
 4	-86	 777
-49	-160	 340
 43	-153	 541
-81	-193	-523
 53	 335	 211
 80	-61	 624
 16	-27	 231
 208	-271	 228
 456	 27	 513
 0	-411	 819
 191	-72	-361
-32	 486	 502
-2	-96	 785
-45	-167	 320
 55	-145	 561
-78	-200	-525
 62	 333	 215
 85	-68	 622
 11	-18	 227
 215	-277	 227
 442	 42	 519
 7	-412	 814
 189	-70	-357
-43	 473	 485
 20	-90	 788
-50	-168	 326
 62	-147	 546
-85	-199	-523
 64	 344	 225
 87	-51	 643
 7	-7	 237
 215	-274	 214
 445	 38	 506
 8	-401	 799
 199	-67	-371
-41	 484	 494
 2	-105	 782
-41	-178	 324
 69	-143	 570
-87	-195	-522
 62	 324	 218
 94	-48	 633
 6	-4	 223
 206	-271	 234
 453	 41	 521
 0	-412	 814
 189	-73	-360
-26	 471	 488
 9	-100	 793
-47	-161	 320
 48	-153	 561
-72	-193	-530
 58	 330	 217
 86	-59	 639
 7	-21	 218
 198	-264	 213
 445	 43	 537
 0	-406	 820
 197	-73	-370
-35	 482	 496
 9	-97	 772
-48	-170	 331
 49	-158	 561
-85	-196	-536
 60	 339	 211
 85	-56	 626
 10	-20	 244
 218	-270	 221
 453	 49	 517
 6	-411	 810
 192	-64	-358
-39	 474	 494
 9	-95	 775
-47	-155	 329
 51	-145	 542
-81	-189	-538
 52	 334	 231
 86	-56	 637
 3	-12	 208
 209	-267	 228
 460	 33	 526
-2	-408	 803
 189	-69	-373
-34	 483	 493
 1	-100	 766
-49	-161	 331
 44	-152	 555
-81	-189	-525
 57	 337	 223
 87	-68	 616
 15	-9	 207
 220	-274	 212
 454	 37	 505
 13	-414	 809
 203	-69	-357
-39	 468	 483
 1	-98	 779
-38	-166	 320
 53	-157	 560
-83	-201	-515
 46	 337	 215
 92	-61	 623
-1	-21	 227
 209	-268	 211
 458	 49	 498
-6	-411	 815
 193	-76	-359
-34	 477	 486
-3	-94	 783
-56	-175	 337
 43	-151	 572
-80	-183	-521
 61	 336	 192
 82	-61	 626
 4	-2	 233
 214	-261	 215
 446	 43	 523
 4	-406	 819
 198	-63	-353
-29	 474	 501
 5	-82	 782
-38	-177	 325
 48	-158	 572
-82	-194	-525
 56	 344	 200
 84	-62	 632
 8	-16	 214
 227	-277	 226
 443	 37	 525
 2	-407	 804
 186	-77	-366
-34	 479	 485
 3	-90	 754
-54	-171	 336
 49	-151	 563
-86	-192	-531
 58	 334	 207
 91	-61	 641
 0	-23	 231
 211	-264	 211
 453	 32	 517
-3	-410	 814
 192	-57	-364
-31	 478	 488
-9	-90	 771
-52	-165	 339
 46	-142	 565
-83	-186	-523
 59	 340	 209
 94	-61	 621
 1	-7	 234
 217	-265	 229
 453	 31	 507
 5	-400	 817
 188	-63	-358
-33	 485	 502
 2	-106	 769
-46	-157	 304
 53	-155	 548
-84	-199	-520
 53	 332	 229
 86	-61	 623
 4	-27	 236
 218	-267	 210
 449	 34	 525
 0	-402	 809
 192	-69	-375
-39	 480	 497
 0	-105	 778
-49	-154	 323
 42	-151	 548
-85	-201	-531
 53	 335	 216
 96	-52	 650
 8	-11	 241
 210	-264	 212
 457	 29	 517
 0	-407	 812
 203	-57	-358
-34	 479	 504
 1	-90	 777
-52	-171	 323
 43	-152	 561
-84	-194	-533
 62	 336	 202
 78	-67	 632
 6	-26	 224
 214	-267	 212
 454	 32	 534
 2	-413	 808
 196	-76	-369
-39	 484	 507
-4	-99	 770
-48	-166	 341
 58	-155	 554
-75	-205	-509
 60	 332	 214
 80	-64	 640
 9	-22	 214
 215	-278	 219
 454	 30	 507
-7	-400	 819
 197	-63	-355
-29	 475	 471
 5	-99	 779
-46	-163	 308
 57	-149	 551
-84	-182	-540
 51	 338	 223
 87	-53	 622
 17	-13	 225
 205	-274	 220
 454	 30	 519
 2	-405	 811
 193	-66	-353
-47	 482	 500
-4	-99	 772
-50	-156	 317
 41	-144	 536
-83	-199	-533
 61	 330	 215
 86	-62	 625
 11	-20	 226
 217	-260	 225
 446	 43	 509
 4	-403	 782
 196	-67	-363
-40	 483	 485
-1	-99	 772
-51	-168	 322
 47	-155	 556
-87	-200	-539
 56	 334	 211
 81	-57	 625
 8	-2	 226
 210	-274	 219
 461	 30	 519
 5	-422	 812
 197	-65	-373
-33	 480	 486
-4	-90	 773
-41	-154	 342
 57	-160	 562
-86	-185	-534
 57	 335	 220
 99	-72	 640
 0	-2	 212
 213	-268	 208
 448	 33	 515
-6	-415	 790
 200	-64	-374
-35	 485	 490
 5	-96	 787
-51	-168	 321
 45	-160	 563
-85	-191	-526
 57	 336	 206
 89	-63	 619
 12	-15	 212
 209	-269	 214
 451	 41	 519
-3	-405	 790
 190	-74	-341
-30	 473	 505
 6	-104	 766
-44	-161	 311
 47	-148	 550
-78	-189	-542
 53	 340	 228
 97	-66	 627
 4	-30	 231
 209	-267	 219
 465	 31	 513
-7	-410	 803
 200	-72	-363
-39	 489	 505
 3	-94	 778
-49	-171	 330
 48	-152	 555
-72	-191	-531
 56	 340	 225
 81	-56	 634
 7	-19	 236
 211	-264	 213
 448	 50	 529
 5	-416	 814
 193	-69	-356
-28	 486	 498
 4	-94	 777
-51	-164	 333
 52	-151	 550
-79	-190	-548
 53	 337	 219
 85	-68	 618
 4	-17	 234
 213	-266	 215
 456	 31	 497
-5	-415	 824
 203	-74	-372
-38	 475	 500
 5	-96	 775
-46	-168	 336
 53	-143	 567
-87	-192	-519
 57	 336	 213
 88	-61	 627
 2	-23	 233
 204	-260	 225
 453	 38	 508
 0	-404	 807
 195	-65	-351
-34	 473	 500
 0	-93	 789
-44	-168	 338
 45	-148	 546
-86	-194	-538
 52	 336	 215
 79	-55	 620
-4	-19	 217
 213	-265	 215
 446	 37	 525
 4	-409	 798
 190	-66	-362
-46	 477	 494
 5	-90	 757
-48	-163	 320
 52	-150	 551
-85	-194	-528
 66	 335	 205
 96	-61	 615
 18	-24	 227
 207	-256	 215
 446	 36	 512
 2	-398	 809
 198	-73	-364
-22	 480	 486
-9	-98	 781
-49	-166	 321
 49	-138	 546
-86	-177	-528
 60	 345	 211
 94	-62	 624
 12	-24	 237
 228	-260	 222
 453	 29	 519
-4	-411	 803
 188	-68	-349
-41	 486	 503
-4	-89	 761
-57	-162	 327
 52	-136	 552
-84	-192	-517
 57	 335	 206
 93	-74	 630
 6	-19	 222
 221	-274	 209
 449	 32	 519
 7	-405	 810
 190	-70	-355
-29	 473	 499
 7	-90	 757
-53	-170	 337
 54	-153	 570
-88	-183	-542
 57	 338	 215
 79	-51	 631
 1	-25	 228
 212	-277	 214
 448	 42	 515
-3	-397	 786
 195	-57	-356
-26	 488	 494
 5	-103	 770
-48	-159	 337
 51	-140	 555
-87	-194	-518
 58	 341	 214
 81	-63	 626
 8	-18	 219
 209	-256	 216
 449	 36	 512
-2	-401	 812
 194	-56	-353
-36	 490	 488
-1	-87	 790
-52	-172	 309
 47	-143	 566
-85	-185	-523
 57	 329	 206
 86	-56	 642
 7	-17	 231
 208	-264	 206
 453	 35	 499
-9	-409	 809
 194	-65	-361
-38	 476	 503
 0	-91	 771
-44	-186	 333
 42	-148	 564
-85	-194	-541
 51	 342	 201
 80	-59	 629
 8	-14	 239
 216	-265	 232
 445	 36	 500
-5	-407	 809
 201	-78	-361
-39	 485	 494
 3	-89	 784
-37	-161	 331
 55	-151	 544
-88	-194	-521
 54	 338	 227
 77	-63	 631
 12	-11	 221
 207	-279	 226
 454	 39	 516
-2	-407	 801
 202	-69	-361
-41	 487	 499
 6	-105	 782
-49	-159	 324
 48	-153	 547
-81	-188	-529
 56	 334	 229
 80	-59	 622
 9	-18	 221
 224	-281	 213
 447	 27	 516
-4	-407	 821
 193	-73	-359
-45	 479	 495
-1	-89	 766
-51	-160	 326
 50	-140	 565
-76	-192	-531
 55	 334	 220
 92	-62	 646
 0	-21	 231
 219	-260	 219
 456	 35	 483
 3	-403	 818
 197	-73	-376
-42	 479	 484
 3	-98	 781
-50	-165	 330
 55	-151	 573
-86	-192	-529
 55	 340	 207
 72	-69	 634
 8	-24	 230
 213	-270	 221
 460	 40	 499
 2	-398	 817
 195	-56	-371
-28	 488	 505
-2	-94	 762
-48	-162	 328
 50	-145	 546
-88	-199	-521
 48	 331	 227
 85	-58	 630
-4	-22	 221
 213	-277	 200
 451	 37	 506
 11	-412	 800
 188	-65	-364
-30	 475	 501
 4	-104	 765
-55	-162	 323
 41	-142	 571
-87	-201	-519
 63	 329	 216
 83	-57	 638
 9	-21	 221
 225	-272	 216
 458	 40	 516
-2	-403	 817
 198	-58	-367
-31	 476	 482
 7	-86	 781
-58	-161	 316
 52	-164	 543
-79	-193	-526
 67	 328	 216
 85	-59	 647
 5	-6	 241
 218	-274	 225
 446	 44	 502
-6	-401	 814
 203	-69	-358
-38	 483	 474
 2	-93	 786
-53	-170	 324
 47	-152	 545
-77	-184	-523
 57	 336	 226
 88	-56	 639
 13	-9	 238
 209	-272	 215
 454	 28	 513
 3	-402	 817
 183	-71	-373
-36	 484	 503
-1	-90	 776
-44	-178	 316
 54	-147	 547
-78	-196	-522
 58	 342	 237
 93	-64	 622
 5	-19	 219
 207	-279	 207
 439	 39	 520
 0	-416	 807
 192	-68	-371
-33	 484	 488
-2	-98	 779
-48	-160	 320
 43	-148	 561
-87	-189	-521
 53	 342	 218
 82	-59	 644
 1	-14	 225
 214	-274	 212
 465	 41	 510
 0	-409	 823
 190	-66	-368
-28	 479	 497
 0	-90	 780
-43	-156	 326
 50	-145	 553
-91	-182	-530
 48	 329	 216
 90	-55	 619
 15	-15	 226
 218	-279	 226
 460	 39	 521
 1	-412	 797
 191	-65	-368
-31	 467	 491
-2	-94	 785
-48	-172	 310
 55	-145	 559
-82	-181	-518
 60	 335	 220
 85	-51	 637
 10	-13	 235
 214	-267	 214
 454	 30	 523
 0	-404	 807
 191	-68	-351
-34	 468	 503
-11	-95	 789
-52	-173	 346
 46	-149	 570
-91	-187	-533
 56	 338	 213
 80	-58	 634
 4	-15	 215
 214	-267	 211
 450	 32	 531
 9	-402	 806
 200	-67	-346
-31	 482	 486
-5	-90	 777
-46	-173	 342
 52	-154	 565
-75	-185	-524
 58	 336	 216
 79	-53	 614
 5	-5	 214
 218	-272	 219
 455	 35	 503
 2	-398	 814
 188	-69	-381
-27	 477	 495
-3	-97	 783
-45	-168	 316
 55	-145	 543
-86	-189	-535
 54	 339	 220
 87	-54	 628
 14	-26	 215
 222	-276	 232
 460	 44	 510
-4	-410	 818
 185	-72	-367
-32	 480	 479
 3	-84	 777
-56	-165	 321
 50	-158	 540
-80	-198	-523
 52	 337	 213
 86	-66	 619
 4	-4	 230
 220	-279	 200
 455	 30	 521
-4	-404	 833
 195	-65	-356
-32	 481	 495
-6	-96	 798
-50	-158	 316
 45	-152	 563
-80	-183	-511
 61	 342	 220
 86	-56	 625
 6	-22	 225
 223	-264	 219
 453	 36	 501
 10	-408	 804
 194	-67	-366
-33	 482	 495
 0	-91	 766
-50	-157	 325
 59	-143	 572
-97	-193	-527
 61	 331	 207
 95	-60	 632
 11	-26	 238
 210	-287	 208
 458	 34	 505
 1	-404	 807
 198	-68	-359
-32	 481	 490
 11	-102	 784
-63	-165	 329
 40	-148	 562
-88	-206	-521
 48	 341	 214
 76	-65	 631
-4	-20	 229
 212	-273	 206
 453	 34	 526
-10	-408	 794
 196	-63	-351
-34	 478	 505
 3	-93	 766
-43	-170	 334
 53	-153	 571
-87	-190	-545
 50	 341	 199
 82	-60	 643
 16	-20	 218
 213	-277	 200
 458	 32	 532
-6	-401	 809
 189	-68	-357
-29	 486	 508
 7	-87	 783
-54	-166	 341
 61	-151	 560
-77	-192	-540
 58	 336	 227
 90	-56	 625
 4	-19	 222
 207	-277	 229
 457	 39	 508
 0	-405	 814
 192	-69	-346
-29	 479	 508
 6	-98	 756
-46	-160	 321
 57	-163	 558
-80	-185	-525
 55	 330	 219
 84	-63	 632
 15	-18	 228
 215	-272	 226
 453	 33	 505
-7	-410	 794
 187	-72	-357
-27	 487	 499
-2	-100	 757
-58	-169	 326
 45	-146	 550
-82	-183	-523
 55	 330	 220
 91	-61	 634
 11	-9	 226
 218	-267	 216
 447	 44	 527
 5	-408	 817
 184	-73	-383
-40	 483	 475
 4	-94	 789
-45	-158	 339
 50	-159	 542
-81	-190	-511
 49	 340	 210
 80	-60	 647
 9	-19	 228
 222	-274	 218
 457	 42	 520
-1	-411	 799
 188	-66	-364
-42	 480	 501
 5	-104	 760
-47	-169	 326
 59	-160	 553
-85	-189	-552
 43	 328	 209
 86	-68	 632
-2	-12	 217
 216	-262	 234
 449	 32	 523
-5	-402	 814
 206	-70	-389
-29	 478	 478
-2	-93	 781
-57	-169	 327
 57	-149	 552
-75	-187	-550
 58	 347	 231
 88	-56	 621
 4	-21	 222
 214	-279	 223
 449	 30	 506
-1	-409	 813
 189	-72	-367
-37	 474	 498
 4	-94	 793
-45	-160	 324
 50	-151	 568
-82	-189	-526
 65	 339	 224
 82	-55	 630
-2	-23	 223
 224	-266	 224
 452	 30	 509
 3	-417	 810
 183	-69	-366
-19	 497	 485
 3	-87	 787
-51	-153	 318
 40	-149	 552
-80	-185	-533
 58	 345	 201
 81	-73	 631
 10	-27	 233
 215	-265	 225
 456	 36	 518
 3	-411	 807
 189	-70	-370
-36	 484	 503
-2	-91	 777
-37	-166	 330
 42	-148	 554
-84	-184	-518
 62	 333	 228
 94	-66	 624
 2	-11	 210
 217	-260	 201
 455	 39	 516
-3	-409	 801
 192	-63	-370
-28	 479	 502
-3	-102	 774
-51	-168	 321
 47	-160	 573
-89	-183	-539
 58	 340	 221
 86	-55	 620
 7	-17	 224
 220	-272	 208
 449	 35	 503
 1	-405	 814
 183	-57	-367
-15	 490	 489
-1	-89	 774
-47	-148	 328
 54	-154	 549
-88	-194	-540
 57	 331	 227
 77	-52	 642
 12	-12	 233
 216	-271	 224
 461	 38	 505
-11	-410	 812
 185	-77	-372
-41	 485	 483
-2	-94	 786
-57	-166	 331
 52	-162	 561
-89	-200	-524
 56	 346	 218
 88	-60	 634
 11	-12	 230
 218	-267	 220
 452	 23	 512
-3	-406	 825
 198	-57	-367
-36	 476	 501
 2	-100	 768
-49	-167	 312
 50	-149	 553
-79	-191	-549
 57	 332	 207
 99	-69	 628
 4	-13	 229
 215	-266	 217
 464	 47	 529
-7	-405	 827
 197	-76	-371
-31	 474	 509
 3	-94	 771
-46	-161	 333
 50	-153	 564
-86	-197	-529
 56	 338	 221
 84	-51	 634
 6	-12	 242
 212	-269	 218
 456	 15	 547
-5	-408	 804
 188	-65	-363
-36	 479	 494
 3	-94	 768
-47	-162	 313
 57	-147	 545
-92	-181	-523
 59	 340	 221
 82	-63	 624
 0	-18	 224
 206	-261	 213
 454	 22	 503
 0	-399	 815
 189	-71	-347
-38	 481	 480
 8	-103	 793
-50	-159	 326
 55	-152	 569
-72	-196	-530
 58	 336	 199
 87	-69	 636
 9	-16	 215
 209	-269	 204
 457	 32	 516
-9	-402	 797
 185	-64	-366
-21	 475	 519
 13	-103	 790
-49	-177	 314
 47	-147	 566
-92	-187	-514
 53	 338	 206
 82	-53	 639
 8	-17	 222
 209	-274	 226
 460	 37	 520
-2	-415	 818
 201	-68	-385
-26	 479	 485
 2	-89	 780
-53	-163	 335
 55	-150	 553
-83	-197	-520
 66	 336	 219
 84	-50	 635
 8	-18	 223
 217	-267	 210
 448	 38	 490
 4	-413	 824
 203	-66	-341
-35	 472	 487
 10	-99	 771
-53	-167	 331
 47	-152	 555
-70	-204	-524
 50	 339	 227
 84	-69	 640
 11	-22	 239
 221	-269	 211
 457	 41	 523
 2	-412	 823
 191	-73	-369
-30	 480	 493
-6	-90	 774
-42	-168	 340
 49	-147	 567
-86	-194	-531
 54	 344	 233
 81	-56	 633
 7	-3	 219
 203	-276	 209
 444	 38	 529
-4	-411	 808
 184	-74	-350
-45	 481	 493
-8	-98	 776
-43	-167	 319
 38	-148	 550
-78	-206	-520
 65	 340	 221
 83	-66	 640
 11	-15	 211
 214	-271	 204
 449	 26	 525
 13	-412	 792
 199	-70	-371
-42	 480	 486
-3	-94	 789
-54	-161	 328
 54	-159	 560
-89	-185	-526
 53	 336	 237
 93	-51	 639
 6	-28	 230
 218	-262	 227
 455	 25	 518
 7	-407	 807
 190	-65	-373
-42	 479	 498
 1	-95	 778
-53	-161	 342
 51	-153	 547
-81	-202	-531
 48	 332	 213
 87	-60	 622
-2	-19	 223
 210	-265	 227
 450	 37	 505
 6	-407	 819
 175	-71	-360
-29	 482	 471
 1	-106	 766
-48	-175	 340
 57	-157	 563
-97	-199	-524
 55	 336	 207
 89	-57	 644
 5	-19	 231
 231	-279	 229
 452	 36	 518
 0	-411	 796
 189	-66	-369
-29	 482	 495
 14	-88	 771
-56	-164	 323
 52	-152	 579
-83	-197	-526
 58	 330	 216
 82	-60	 630
-1	-14	 221
 218	-273	 217
 454	 30	 505
-7	-411	 809
 184	-82	-371
-29	 478	 502
 4	-96	 795
-50	-172	 340
 52	-144	 575
-77	-196	-537
 55	 343	 216
 89	-66	 634
 12	-13	 215
 208	-263	 206
 459	 40	 518
 0	-406	 791
 195	-68	-353
-40	 492	 479
 4	-92	 780
-42	-164	 335
 46	-151	 559
-88	-199	-522
 59	 345	 231
 81	-56	 635
 11	-7	 221
 228	-269	 221
 461	 41	 503
-7	-411	 816
 190	-67	-353
-33	 477	 500
 5	-85	 767
-49	-168	 320
 53	-150	 576
-89	-194	-527
 56	 334	 214
 85	-69	 610
 5	-11	 231
 216	-273	 220
 451	 39	 515
-4	-400	 788
 190	-71	-363
-33	 468	 502
 0	-99	 772
-29	-161	 332
 58	-153	 566
-83	-203	-538
 60	 342	 224
 81	-54	 635
 3	-25	 220
 208	-278	 213
 450	 29	 524
 4	-404	 785
 187	-65	-351
-26	 486	 498
 0	-94	 785
-53	-164	 325
 62	-147	 543
-85	-187	-533
 55	 331	 214
 99	-63	 632
 8	-18	 224
 209	-269	 212
 463	 34	 521
-5	-398	 791
 192	-64	-373
-37	 476	 485
-5	-95	 763
-53	-163	 318
 50	-141	 560
-85	-202	-529
 54	 334	 216
 85	-68	 628
 2	-20	 224
 204	-270	 212
 455	 42	 508
 0	-413	 819
 194	-74	-374
-31	 480	 498
 3	-91	 755
-49	-169	 321
 49	-148	 544
-79	-203	-534
 55	 331	 209
 85	-60	 631
 10	-24	 223
 210	-277	 217
 457	 41	 514
-5	-402	 809
 198	-68	-370
-41	 479	 498
-7	-91	 772
-56	-162	 322
 45	-149	 567
-76	-196	-517
 62	 333	 212
 85	-62	 637
 18	-7	 221
 212	-276	 236
 445	 35	 510
-12	-406	 825
 189	-72	-357
-32	 474	 493
 3	-91	 774
-53	-174	 332
 50	-158	 538
-87	-194	-530
 47	 346	 208
 79	-57	 623
 7	-18	 228
 211	-264	 215
 450	 31	 510
 11	-405	 812
 199	-71	-363
-39	 481	 493
-2	-103	 777
-52	-179	 318
 51	-146	 548
-70	-199	-550
 58	 334	 205
 93	-60	 635
 13	-23	 223
 206	-272	 205
 455	 42	 515
-4	-404	 808
 198	-68	-364
-39	 477	 496
-6	-108	 777
-52	-165	 321
 47	-142	 564
-82	-187	-538
 53	 334	 209
 100	-65	 640
 6	-16	 226
 217	-269	 221
 468	 38	 514
 7	-409	 829
 192	-75	-360
-33	 476	 487
 2	-104	 787
-53	-167	 319
 42	-140	 568
-97	-186	-554
 57	 338	 211
 81	-66	 625
 7	-20	 216
 204	-274	 217
 451	 32	 525
 8	-402	 824
 189	-69	-343
-31	 475	 479
 13	-97	 795
-46	-161	 322
 48	-150	 578
-88	-187	-533
 54	 335	 206
 78	-56	 641
 7	-18	 236
 206	-271	 224
 451	 30	 530
-4	-405	 815
 201	-65	-360
-45	 483	 479
 4	-101	 787
-56	-162	 326
 47	-146	 550
-87	-190	-526
 56	 327	 207
 86	-58	 636
 2	-6	 219
 220	-269	 224
 453	 34	 505
-9	-415	 814
 195	-72	-363
-31	 482	 501
 1	-88	 762
-45	-158	 318
 45	-143	 549
-78	-203	-545
 61	 327	 206
 90	-57	 635
 18	-17	 224
 220	-269	 208
 449	 38	 507
 0	-412	 820
 194	-64	-378
-39	 473	 500
-1	-101	 769
-47	-174	 321
 43	-152	 568
-83	-194	-530
 54	 334	 217
 81	-62	 618
 17	-13	 238
 222	-267	 214
 450	 32	 496
 0	-409	 809
 191	-68	-353
-37	 477	 490
 0	-91	 783
-54	-172	 321
 46	-151	 561
-78	-194	-523
 60	 331	 221
 82	-61	 641
 3	-20	 217
 227	-278	 218
 460	 54	 513
-6	-406	 813
 187	-70	-374
-42	 473	 507
 5	-87	 789
-47	-165	 318
 54	-140	 554
-88	-191	-513
 71	 333	 199
 87	-65	 623
 12	-17	 215
 213	-264	 213
 454	 30	 526
 2	-407	 807
 197	-70	-392
-21	 473	 485
 9	-95	 779
-54	-166	 338
 50	-156	 549
-84	-188	-535
 52	 341	 214
 89	-52	 614
-2	-19	 250
 222	-269	 204
 444	 29	 517
 4	-398	 785
 189	-64	-345
-34	 476	 494
 4	-92	 777
-53	-172	 318
 50	-145	 535
-75	-194	-533
 52	 328	 211
 84	-65	 621
 2	-20	 227
 211	-272	 229
 453	 38	 500
 4	-409	 823
 184	-71	-346
-33	 484	 496
 4	-94	 776
-49	-172	 325
 44	-147	 547
-84	-198	-530
 57	 331	 217
 79	-55	 611
 19	-18	 220
 221	-269	 209
 456	 36	 518
 6	-408	 803
 195	-61	-356
-39	 484	 485
 7	-98	 768
-48	-176	 326
 41	-146	 563
-76	-189	-530
 56	 338	 218
 93	-55	 648
 9	-20	 218
 219	-277	 220
 447	 35	 515
 0	-406	 811
 191	-65	-363
-34	 471	 478
-3	-99	 769
-48	-162	 328
 49	-161	 574
-82	-187	-524
 50	 335	 195
 77	-69	 631
 9	-19	 245
 220	-274	 232
 449	 32	 522
 0	-414	 839
 185	-71	-356
-36	 483	 499
 9	-90	 768
-54	-168	 332
 43	-145	 565
-73	-199	-530
 49	 339	 205
 86	-54	 632
 13	-24	 217
 210	-261	 219
 453	 39	 504
 0	-407	 806
 193	-72	-371
-35	 475	 501
 0	-105	 772
-49	-170	 323
 55	-159	 552
-74	-187	-528
 55	 340	 207
 86	-70	 635
 1	-16	 223
 213	-264	 227
 447	 36	 499
 3	-402	 801
 197	-73	-354
-28	 474	 488
 2	-101	 777
-46	-171	 319
 58	-148	 554
-92	-204	-546
 56	 324	 220
 86	-70	 627
 14	-13	 220
 220	-264	 217
 458	 28	 519
 1	-402	 809
 190	-74	-364
-29	 478	 503
 5	-99	 769
-49	-162	 309
 54	-147	 560
-84	-197	-519
 58	 335	 208
 96	-64	 635
 14	-10	 221
 207	-266	 224
 454	 43	 504
 1	-410	 819
 193	-70	-363
-36	 476	 508
-1	-106	 772
-47	-161	 321
 46	-151	 547
-91	-199	-539
 52	 345	 223
 92	-63	 624
-1	 0	 218
 222	-269	 209
 463	 45	 513
-16	-406	 816
 198	-69	-338
-31	 466	 508
-3	-97	 772
-55	-154	 319
 40	-146	 555
-86	-194	-520
 53	 334	 218
 85	-62	 626
 10	-23	 222
 206	-274	 221
 457	 38	 522
-3	-416	 810
 193	-71	-369
-38	 478	 499
 1	-100	 764
-54	-162	 328
 42	-153	 550
-80	-197	-518
 51	 330	 217
 88	-60	 623
 6	-27	 222
 204	-269	 227
 442	 44	 514
 3	-403	 792
 201	-63	-364
-33	 484	 503
-8	-94	 786
-42	-160	 334
 49	-168	 566
-82	-198	-546
 61	 339	 215
 89	-63	 624
 0	-21	 236
 211	-267	 206
 449	 24	 515
 0	-411	 814
 199	-68	-370
-41	 477	 497
 0	-95	 780
-50	-164	 318
 45	-150	 547
-80	-199	-534
 56	 337	 229
 92	-68	 633
 0	-17	 219
 220	-265	 214
 449	 24	 535
 4	-409	 825
 197	-75	-374
-36	 476	 497
 10	-98	 752
-52	-164	 335
 59	-146	 574
-87	-195	-549
 58	 340	 236
 77	-63	 647
 2	-11	 243
 210	-267	 203
 460	 38	 538
-2	-397	 807
 197	-67	-363
-30	 491	 492
 15	-92	 762
-44	-164	 323
 59	-149	 562
-85	-188	-540
 55	 332	 221
 95	-66	 635
 2	-19	 217
 210	-266	 226
 461	 39	 518
 6	-407	 800
 191	-62	-372
-25	 472	 494
 8	-90	 776
-49	-166	 335
 56	-145	 566
-83	-192	-527
 45	 344	 229
 92	-58	 633
 11	-22	 219
 221	-269	 226
 457	 43	 516
 6	-407	 812
 187	-68	-358
-30	 488	 490
-5	-109	 790
-46	-165	 337
 48	-148	 550
-84	-189	-536
 57	 339	 220
 95	-68	 618
 1	-17	 220
 218	-277	 225
 457	 46	 517
 5	-411	 787
 194	-59	-366
-39	 478	 482
 9	-100	 777
-40	-165	 324
 54	-148	 548
-80	-195	-530
 66	 335	 217
 89	-63	 630
 1	-17	 226
 207	-257	 230
 444	 40	 505
 6	-418	 817
 199	-66	-373
-33	 487	 481
 0	-99	 774
-61	-163	 322
 43	-152	 545
-79	-203	-532
 60	 322	 215
 96	-62	 632
 6	-20	 244
 213	-262	 211
 453	 44	 519
 2	-405	 816
 196	-73	-375
-40	 489	 495
 2	-96	 769
-63	-179	 315
 57	-152	 564
-81	-190	-542
 51	 345	 211
 85	-64	 625
-6	-11	 227
 213	-267	 217
 457	 34	 517
 4	-409	 792
 192	-67	-369
-32	 476	 497
-5	-100	 769
-57	-163	 325
 56	-156	 557
-89	-196	-532
 51	 332	 233
 88	-72	 619
 11	-17	 225
 218	-275	 234
 449	 34	 515
-5	-408	 817
 191	-72	-361
-30	 474	 484
-1	-97	 757
-56	-167	 316
 45	-149	 566
-75	-189	-532
 61	 345	 204
 85	-66	 634
 7	-21	 209
 214	-267	 219
 450	 28	 523
 5	-410	 813
 193	-60	-368
-40	 481	 484
-13	-98	 776
-52	-164	 321
 48	-148	 554
-81	-200	-535
 48	 325	 221
 73	-62	 644
 14	-29	 229
 215	-268	 190
 451	 33	 502
-7	-415	 822
 190	-61	-371
-34	 482	 482
-8	-94	 774
-43	-165	 336
 54	-140	 556
-89	-185	-545
 54	 338	 224
 89	-63	 626
 7	-22	 234
 211	-273	 231
 449	 29	 497
 4	-406	 808
 194	-71	-357
-28	 484	 493
 13	-104	 780
-53	-175	 332
 44	-154	 563
-82	-189	-529
 58	 344	 206
 86	-56	 623
 4	-26	 236
 220	-271	 214
 455	 32	 511
-4	-405	 797
 197	-65	-356
-42	 479	 490
 6	-101	 774
-43	-155	 329
 55	-157	 542
-92	-183	-546
 55	 339	 213
 76	-65	 634
-4	-15	 229
 212	-269	 196
 449	 32	 507
-7	-397	 800
 195	-76	-343
-33	 476	 509
 0	-92	 777
-53	-165	 323
 39	-144	 538
-86	-199	-536
 56	 340	 229
 93	-64	 634
 14	-25	 239
 218	-270	 204
 448	 40	 512
-9	-410	 823
 201	-67	-370
-28	 475	 498
-7	-98	 783
-64	-170	 332
 48	-145	 535
-84	-186	-538
 60	 332	 205
 89	-64	 630
 4	-28	 224
 211	-270	 221
 456	 39	 501
-10	-407	 809
 193	-81	-357
-38	 473	 506
 7	-101	 767
-45	-169	 330
 54	-146	 556
-81	-200	-518
 51	 335	 209
 82	-61	 625
 13	-18	 225
 216	-273	 224
 453	 37	 522
-2	-404	 815
 197	-77	-366
-22	 475	 504
-2	-105	 796
-47	-174	 326
 52	-150	 550
-84	-194	-521
 54	 337	 211
 86	-62	 637
 16	-20	 227
 221	-263	 223
 455	 41	 510
 0	-409	 822
 194	-64	-363
-42	 482	 499
 1	-94	 764
-45	-162	 326
 49	-154	 566
-74	-196	-528
 48	 332	 227
 79	-64	 620
 2	-22	 233
 217	-264	 227
 448	 34	 515
 8	-402	 804
 190	-71	-367
-35	 477	 495
 3	-95	 779
-46	-167	 332
 63	-160	 550
-78	-194	-549
 57	 331	 228
 74	-62	 629
 15	-18	 216
 219	-273	 226
 458	 40	 523
 0	-408	 819
 191	-70	-350
-34	 479	 492
 0	-96	 780
-48	-163	 307
 46	-144	 540
-84	-188	-530
 57	 340	 206
 80	-51	 638
 6	-16	 230
 211	-258	 223
 456	 37	 509
-12	-397	 807
 184	-72	-372
-32	 481	 486
-7	-98	 755
-55	-166	 346
 48	-156	 545
-78	-189	-524
 54	 334	 212
 85	-58	 630
 6	-8	 221
 213	-275	 231
 456	 36	 516
 8	-412	 811
 193	-64	-360
-31	 488	 482
 4	-103	 781
-39	-177	 327
 53	-149	 543
-76	-192	-518
 50	 333	 215
 80	-57	 627
 15	-15	 233
 210	-267	 214
 449	 40	 510
-5	-406	 800
 186	-73	-370
-31	 481	 502
-2	-99	 774
-58	-162	 307
 46	-152	 539
-97	-201	-520
 68	 337	 211
 82	-51	 627
 12	-20	 217
 221	-269	 220
 473	 32	 516
-1	-403	 810
 183	-68	-344
-33	 479	 507
 0	-99	 772
-52	-159	 318
 42	-158	 558
-74	-203	-515
 65	 336	 217
 90	-62	 631
 8	-14	 235
 213	-262	 229
 456	 33	 528
 3	-402	 805
 198	-69	-363
-27	 479	 494
 7	-97	 781
-53	-167	 357
 56	-142	 544
-81	-191	-545
 60	 335	 229
 81	-64	 642
 2	-27	 227
 214	-271	 213
 454	 31	 500
 0	-407	 815
 184	-68	-360
-34	 473	 498
 0	-105	 769
-41	-162	 329
 58	-141	 554
-87	-192	-524
 65	 338	 216
 91	-49	 636
-3	-16	 229
 207	-268	 231
 457	 41	 513
-2	-405	 811
 195	-71	-343
-37	 481	 490
 5	-105	 783
-51	-156	 316
 53	-139	 549
-94	-190	-548
 54	 325	 232
 89	-61	 623
 3	-20	 233
 211	-279	 210
 448	 33	 511
-5	-404	 805
 186	-62	-363
-26	 480	 503
 4	-90	 775
-55	-168	 324
 47	-148	 546
-79	-189	-538
 60	 338	 215
 96	-65	 620
 7	-10	 233
 210	-269	 217
 456	 31	 516
 3	-409	 818
 195	-72	-363
-37	 474	 495
-6	-95	 776
-63	-168	 326
 53	-156	 554
-72	-201	-529
 62	 331	 214
 85	-61	 616
 2	-20	 215
 213	-268	 211
 441	 35	 505
-3	-413	 815
 196	-70	-353
-38	 473	 495
 12	-86	 766
-46	-172	 328
 45	-159	 545
-78	-178	-533
 59	 331	 238
 94	-53	 638
 3	-27	 216
 207	-270	 217
 454	 39	 516
 0	-410	 805
 199	-73	-348
-41	 480	 502
 0	-95	 781
-54	-160	 322
 54	-160	 556
-72	-197	-536
 57	 338	 218
 85	-47	 616
 4	-10	 217
 215	-269	 212
 447	 32	 510
 1	-406	 811
 190	-62	-358
-27	 479	 496
 6	-97	 774
-48	-169	 311
 45	-148	 553
-79	-190	-515
 57	 345	 230
 97	-61	 626
 11	-11	 236
 213	-269	 207
 450	 35	 511
-4	-402	 802
 194	-64	-365
-33	 478	 500
 0	-101	 773
-42	-158	 340
 53	-146	 557
-73	-206	-545
 52	 332	 217
 89	-55	 624
 13	-17	 229
 210	-275	 219
 464	 39	 515
 3	-414	 817
 188	-80	-362
-28	 480	 504
 0	-98	 770
-44	-168	 324
 49	-159	 553
-92	-199	-548
 53	 339	 205
 82	-64	 624
-4	-5	 216
 216	-257	 216
 449	 42	 521
 9	-416	 811
 191	-71	-339
-45	 483	 478
 2	-103	 767
-59	-168	 337
 47	-151	 567
-80	-193	-515
 55	 343	 220
 82	-57	 630
 5	-11	 221
 217	-265	 231
 450	 25	 507
 2	-411	 802
 187	-72	-357
-38	 487	 506
-4	-101	 772
-54	-170	 312
 55	-149	 583
-89	-193	-548
 47	 339	 215
 87	-61	 608
-1	-11	 216
 207	-264	 220
 453	 35	 513
 2	-408	 830
 190	-69	-359
-42	 463	 495
 6	-98	 765
-49	-157	 320
 51	-154	 573
-79	-194	-548
 67	 341	 216
 91	-59	 632
 7	-19	 220
 219	-267	 220
 461	 39	 522
 0	-413	 803
 204	-66	-358
-40	 473	 498
 8	-104	 771
-50	-170	 315
 57	-155	 567
-91	-188	-532
 63	 335	 217
 83	-65	 639
 7	-29	 220
 220	-270	 206
 450	 39	 506
-1	-410	 808
 195	-68	-348
-36	 485	 497
 5	-101	 787
-52	-166	 318
 48	-142	 545
-82	-192	-536
 61	 330	 202
 82	-64	 614
-1	-8	 226
 202	-264	 231
 452	 42	 524
-9	-405	 811
 184	-67	-364
-37	 484	 500
 8	-94	 774
-52	-166	 331
 50	-157	 561
-90	-195	-515
 51	 327	 204
 76	-57	 626
 17	-32	 218
 212	-262	 211
 453	 39	 518
-1	-407	 820
 184	-72	-349
-31	 483	 496
 2	-98	 789
-41	-171	 327
 47	-152	 543
-91	-185	-504
 52	 346	 204
 89	-64	 630
 8	-18	 223
 222	-262	 229
 447	 33	 524
-1	-405	 819
 190	-69	-347
-29	 480	 494
 2	-99	 793
-53	-171	 325
 52	-150	 571
-89	-193	-528
 55	 330	 219
 93	-58	 630
 10	-11	 212
 214	-267	 216
 447	 33	 500
 0	-410	 807
 188	-66	-353
-30	 469	 495
-1	-101	 771
-45	-172	 330
 44	-158	 573
-86	-200	-531
 55	 336	 227
 89	-51	 630
-1	-25	 228
 214	-268	 234
 457	 34	 502
 5	-417	 819
 192	-71	-364
-29	 474	 501
-7	-91	 782
-57	-158	 339
 41	-160	 566
-83	-198	-524
 66	 352	 218
 92	-61	 620
 6	-8	 220
 219	-265	 226
 450	 35	 507
-2	-407	 822
 191	-65	-370
-35	 468	 488
 2	-96	 779
-47	-172	 321
 43	-149	 551
-91	-209	-528
 55	 339	 218
 75	-49	 635
 15	-8	 231
 229	-263	 222
 445	 35	 516
 1	-416	 812
 190	-71	-383
-32	 490	 496
 4	-99	 764
-47	-162	 312
 43	-167	 548
-84	-208	-531
 61	 340	 207
 89	-68	 610
 9	-25	 228
 210	-273	 219
 447	 33	 506
-2	-408	 820
 197	-64	-344
-40	 464	 487
 4	-91	 784
-47	-160	 312
 60	-148	 557
-74	-192	-531
 58	 333	 210
 87	-59	 621
 6	-26	 223
 216	-266	 230
 463	 37	 513
 10	-410	 793
 198	-70	-361
-44	 467	 488
 0	-95	 775
-55	-161	 342
 59	-150	 558
-88	-210	-533
 54	 331	 216
 91	-70	 614
 6	-19	 208
 215	-277	 222
 455	 44	 528
-2	-408	 824
 198	-67	-354
-29	 481	 498
 8	-95	 765
-54	-163	 328
 55	-150	 545
-81	-194	-543
 61	 344	 219
 77	-56	 633
 13	-14	 230
 208	-266	 209
 454	 26	 495
 4	-405	 802
 190	-74	-359
-33	 495	 508
 0	-95	 791
-48	-166	 333
 50	-143	 559
-81	-194	-530
 61	 346	 209
 90	-68	 615
 8	-12	 224
 222	-265	 221
 451	 34	 524
 0	-419	 809
 206	-72	-373
-29	 471	 485
-6	-92	 779
-56	-161	 338
 53	-157	 555
-84	-195	-523
 58	 338	 223
 104	-65	 630
 16	-24	 227
 206	-275	 209
 449	 38	 519
 0	-408	 807
 194	-71	-373
-34	 481	 497
 2	-99	 762
-51	-178	 340
 58	-151	 566
-81	-196	-513
 55	 329	 204
 87	-61	 608
 7	-4	 209
 206	-267	 231
 455	 39	 518
 3	-419	 825
 193	-65	-359
-30	 473	 488
 1	-99	 772
-49	-176	 316
 34	-153	 541
-85	-193	-530
 56	 338	 215
 85	-52	 635
 16	-17	 226
 215	-273	 220
 454	 40	 518
 0	-404	 798
 192	-67	-365
-32	 475	 506
 2	-88	 773
-43	-164	 339
 63	-158	 572
-87	-196	-528
 52	 341	 214
 89	-63	 643
 4	-25	 231
 208	-269	 215
 457	 33	 518
 11	-405	 810
 198	-65	-366
-33	 485	 497
 2	-99	 783
-55	-166	 321
 42	-151	 553
-84	-184	-540
 51	 337	 226
 93	-56	 617
 3	-10	 222
 206	-276	 218
 460	 37	 503
-2	-412	 815
 196	-68	-370
-34	 483	 492
 4	-104	 790
-56	-154	 336
 47	-140	 544
-88	-198	-515
 63	 342	 212
 92	-64	 627
 9	-24	 232
 218	-272	 204
 454	 39	 516
-5	-416	 799
 202	-66	-368
-39	 470	 494
 0	-91	 772
-51	-159	 336
 49	-148	 557
-77	-193	-545
 59	 334	 221
 82	-62	 617
 2	-13	 234
 221	-267	 210
 450	 33	 513
 8	-412	 812
 203	-75	-356
-29	 470	 491
 1	-101	 776
-44	-175	 328
 44	-141	 569
-82	-188	-512
 59	 330	 228
 96	-54	 627
 9	-16	 241
 218	-269	 213
 448	 39	 506
 1	-399	 805
 194	-63	-369
-33	 478	 491
-4	-90	 772
-47	-175	 322
 50	-138	 558
-77	-188	-530
 51	 335	 216
 92	-65	 632
 11	-26	 217
 211	-278	 225
 453	 28	 523
-4	-409	 798
 190	-79	-370
-16	 475	 478
 1	-91	 792
-50	-163	 322
 63	-146	 548
-78	-193	-523
 52	 340	 209
 85	-60	 638
 11	-10	 246
 216	-264	 204
 452	 31	 512
-1	-418	 806
 186	-77	-365
-38	 481	 484
 4	-87	 771
-42	-169	 331
 56	-151	 553
-85	-189	-537
 52	 340	 219
 82	-60	 637
 20	-18	 226
 225	-269	 206
 461	 32	 494
 9	-394	 818
 189	-70	-373
-31	 475	 492
 6	-96	 780
-56	-160	 332
 46	-151	 550
-83	-201	-519
 55	 338	 222
 88	-67	 632
 14	-24	 233
 217	-280	 221
 454	 38	 518
-4	-411	 814
 194	-67	-353
-28	 493	 498
 0	-111	 782
-44	-169	 329
 45	-142	 555
-87	-191	-523
 58	 345	 208
 85	-53	 632
 15	-20	 229
 202	-281	 201
 458	 43	 509
 15	-414	 788
 193	-69	-371
-25	 478	 496
 7	-87	 763
-51	-167	 336
 54	-153	 568
-79	-191	-528
 65	 337	 212
 89	-65	 645
 9	-15	 233
 201	-270	 234
 453	 39	 517
 4	-407	 812
 193	-71	-348
-36	 477	 498
-5	-99	 748
-50	-166	 329
 52	-142	 560
-79	-191	-528
 52	 334	 230
 88	-66	 619
 10	-18	 223
 225	-261	 206
 445	 33	 512
 0	-415	 816
 188	-72	-361
-25	 476	 476
 5	-93	 787
-54	-166	 305
 44	-153	 546
-79	-201	-540
 56	 334	 212
 86	-74	 622
 10	-18	 240
 221	-268	 220
 455	 31	 523
-9	-406	 805
 196	-72	-360
-26	 482	 500
 2	-111	 762
-43	-170	 338
 59	-162	 549
-86	-174	-532
 59	 336	 226
 84	-78	 634
 5	-16	 209
 214	-272	 214
 454	 34	 511
 5	-410	 798
 193	-68	-351
-28	 477	 483
-8	-103	 773
-49	-164	 321
 46	-148	 533
-76	-189	-527
 47	 324	 211
 86	-62	 606
 9	 6	 234
 218	-265	 211
 459	 35	 515
-2	-407	 804
 188	-57	-364
-28	 461	 492
-4	-104	 761
-52	-167	 324
 64	-147	 571
-82	-184	-521
 57	 334	 223
 86	-58	 635
 0	-17	 229
 210	-272	 211
 453	 26	 515
 4	-409	 813
 186	-67	-350
-33	 482	 497
 3	-96	 775
-52	-165	 327
 49	-147	 536
-82	-187	-524
 57	 340	 214
 89	-56	 621
-2	-7	 217
 218	-271	 216
 448	 47	 508
-1	-408	 807
 185	-64	-370
-29	 484	 500
 0	-93	 782
-38	-164	 328
 49	-144	 544
-86	-197	-525
 56	 336	 207
 85	-56	 644
 5	-24	 212
 223	-266	 213
 464	 24	 502
-2	-406	 800
 189	-57	-354
-37	 476	 473
 12	-105	 788
-58	-166	 312
 53	-140	 548
-92	-193	-538
 71	 335	 207
 83	-61	 638
 12	-15	 215
 206	-274	 228
 444	 42	 521
-1	-408	 790
 189	-71	-351
-29	 473	 497
 4	-96	 772
-48	-167	 319
 48	-142	 553
-89	-193	-535
 56	 337	 222
 85	-69	 641
 10	-21	 228
 218	-270	 217
 461	 40	 529
-11	-410	 812
 191	-69	-360
-42	 481	 494
-3	-101	 776
-53	-162	 330
 46	-145	 556
-74	-201	-528
 54	 338	 203
 81	-49	 630
 0	-12	 221
 210	-265	 210
 443	 28	 516
 3	-418	 805
 189	-68	-364
-35	 480	 493
 1	-94	 777
-56	-165	 308
 46	-162	 544
-85	-197	-551
 54	 325	 232
 83	-62	 621
 17	-18	 232
 217	-266	 236
 453	 29	 502
 2	-410	 807
 195	-75	-365
-29	 476	 488
 0	-98	 780
-52	-165	 318
 44	-151	 562
-85	-186	-531
 56	 350	 221
 85	-66	 650
 4	-11	 234
 221	-269	 225
 464	 32	 524
 2	-412	 795
 192	-68	-368
-41	 476	 508
-1	-87	 782
-47	-163	 333
 52	-146	 550
-75	-202	-527
 65	 345	 217
 89	-65	 630
 3	-18	 241
 224	-278	 209
 462	 40	 514
 10	-412	 810
 198	-78	-372
-40	 475	 493
 0	-95	 774
-47	-167	 333
 46	-159	 552
-87	-197	-510
 61	 336	 226
 74	-49	 630
 5	-23	 229
 216	-271	 219
 462	 37	 519
 2	-412	 813
 198	-57	-367
-31	 474	 483
-2	-95	 779
-51	-169	 332
 48	-157	 560
-75	-193	-536
 57	 338	 219
 83	-59	 625
 12	-15	 223
 223	-265	 215
 456	 50	 513
-3	-417	 801
 198	-66	-362
-34	 477	 501
 0	-82	 794
-61	-163	 322
 57	-159	 578
-86	-191	-530
 59	 331	 220
 92	-58	 628
 19	-17	 237
 208	-273	 209
 445	 39	 518
 0	-409	 816
 193	-73	-359
-20	 476	 493
 7	-89	 774
-55	-169	 339
 62	-145	 560
-85	-191	-542
 47	 341	 207
 87	-64	 629
 6	-15	 222
 204	-268	 208
 454	 36	 515
-5	-403	 829
 191	-62	-356
-28	 490	 494
 6	-95	 786
-52	-177	 322
 48	-146	 568
-79	-196	-527
 57	 331	 204
 88	-65	 636
 4	-22	 218
 205	-262	 222
 455	 42	 518
 11	-419	 796
 199	-64	-381
-32	 491	 505
-2	-105	 775
-46	-169	 324
 52	-156	 547
-83	-198	-535
 55	 345	 214
 95	-66	 652
 10	-23	 232
 220	-269	 237
 451	 36	 513
 3	-413	 807
 185	-67	-355
-36	 474	 514
 6	-97	 765
-52	-160	 315
 54	-156	 560
-79	-192	-526
 52	 333	 213
 88	-59	 630
 4	-17	 214
 218	-269	 218
 448	 32	 503
-1	-401	 810
 194	-69	-351
-41	 476	 475
 5	-105	 769
-43	-172	 325
 50	-144	 539
-97	-196	-538
 52	 339	 212
 89	-65	 626
 3	-19	 232
 214	-261	 226
 455	 29	 519
-4	-410	 814
 191	-61	-360
-30	 486	 488
 9	-90	 779
-47	-176	 312
 54	-140	 545
-81	-189	-535
 60	 325	 225
 79	-55	 644
 20	-3	 247
 209	-278	 232
 453	 41	 520
 1	-413	 812
 194	-73	-355
-31	 470	 496
 3	-108	 770
-46	-171	 317
 52	-140	 558
-76	-190	-530
 71	 343	 221
 82	-61	 626
 2	-9	 228
 217	-270	 218
 447	 34	 509
 3	-407	 810
 196	-66	-364
-37	 481	 509
-2	-93	 795
-49	-165	 322
 55	-157	 551
-79	-191	-544
 53	 332	 216
 69	-49	 641
 12	-17	 220
 211	-268	 234
 457	 41	 519
 6	-410	 828
 199	-68	-363
-41	 476	 487
-1	-98	 757
-41	-168	 333
 51	-151	 539
-71	-187	-534
 64	 334	 205
 102	-66	 628
 1	-16	 219
 217	-266	 211
 456	 44	 536
-6	-404	 803
 191	-60	-358
-36	 477	 498
 2	-98	 775
-46	-168	 332
 50	-151	 548
-81	-192	-522
 59	 345	 219
 83	-64	 608
 8	-25	 219
 214	-269	 213
 452	 28	 522
-3	-402	 810
 195	-78	-360
-35	 470	 498
 0	-99	 785
-54	-166	 334
 57	-157	 547
-86	-177	-513
 51	 335	 208
 94	-61	 619
 8	-31	 231
 220	-276	 220
 463	 36	 527
-1	-402	 833
 195	-62	-368
-33	 488	 493
 6	-92	 797
-50	-163	 316
 46	-150	 552
-86	-198	-535
 47	 334	 224
 89	-55	 630
 4	-6	 210
 219	-276	 215
 463	 31	 505
-1	-407	 807
 193	-61	-355
-32	 467	 503
 0	-94	 782
-53	-166	 315
 56	-152	 553
-87	-195	-536
 56	 345	 221
 92	-58	 641
 11	-12	 231
 207	-271	 215
 449	 31	 511
 3	-405	 817
 196	-70	-373
-41	 463	 484
-10	-96	 779
-52	-160	 310
 51	-161	 558
-89	-196	-531
 59	 334	 226
 94	-59	 637
 4	-18	 211
 219	-273	 222
 460	 39	 511
-1	-402	 818
 203	-74	-356
-22	 479	 503
 6	-111	 774
-48	-168	 321
 49	-152	 562
-84	-191	-544
 50	 340	 234
 79	-58	 618
 13	-19	 225
 221	-272	 229
 449	 38	 517
 1	-395	 817
 189	-72	-362
-37	 478	 485
 3	-89	 787
-44	-158	 314
 61	-152	 565
-88	-181	-517
 66	 344	 226
 91	-59	 637
 12	-23	 216
 219	-265	 224
 462	 38	 505
-2	-410	 809
 197	-68	-348
-36	 471	 497
-4	-89	 772
-49	-174	 322
 53	-146	 549
-84	-197	-533
 48	 336	 217
 81	-46	 630
 16	-17	 219
 212	-265	 228
 457	 32	 505
 0	-407	 817
 204	-64	-368
-38	 484	 487
-4	-102	 756
-40	-176	 316
 53	-145	 560
-78	-193	-549
 60	 335	 206
 91	-65	 612
-2	-15	 211
 222	-267	 212
 450	 40	 518
 7	-408	 803
 203	-65	-361
-29	 471	 495
 9	-99	 775
-40	-162	 317
 57	-155	 556
-77	-187	-543
 55	 326	 212
 84	-63	 625
 4	-17	 222
 212	-270	 223
 460	 35	 515
-3	-407	 821
 189	-72	-368
-33	 473	 497
 2	-96	 770
-59	-166	 328
 46	-146	 564
-86	-192	-530
 60	 345	 203
 85	-58	 636
 5	-16	 241
 218	-272	 218
 454	 27	 500
 0	-410	 794
 194	-72	-347
-32	 478	 495
 4	-92	 772
-59	-153	 326
 54	-151	 564
-88	-198	-547
 63	 334	 218
 91	-64	 624
 7	-16	 233
 210	-269	 218
 461	 40	 529
 0	-407	 806
 199	-65	-348
-38	 484	 495
-12	-92	 781
-45	-159	 331
 55	-152	 551
-89	-195	-540
 51	 333	 218
 85	-67	 631
 2	-15	 221
 215	-265	 230
 449	 45	 513
 0	-406	 814
 192	-81	-371
-37	 475	 492
-7	-80	 781
-51	-162	 321
 60	-144	 547
-83	-194	-519
 60	 335	 220
 88	-53	 621
 8	-14	 233
 213	-267	 247
 456	 44	 495
-6	-403	 794
 191	-65	-368
-36	 468	 498
 0	-88	 774
-41	-164	 318
 40	-147	 548
-78	-199	-532
 53	 338	 218
 94	-61	 624
 10	-12	 227
 214	-284	 218
 457	 41	 498
-1	-410	 807
 193	-66	-367
-35	 477	 502
-1	-96	 772
-38	-173	 321
 52	-157	 565
-87	-192	-544
 61	 333	 235
 76	-70	 632
 10	-14	 236
 213	-272	 238
 457	 40	 528
 9	-407	 803
 187	-68	-362
-38	 484	 479
-1	-100	 783
-52	-170	 328
 53	-156	 553
-89	-178	-533
 53	 332	 212
 95	-70	 635
 0	-10	 238
 219	-261	 223
 453	 37	 488
 0	-412	 803
 192	-75	-366
-37	 473	 494
-5	-99	 785
-43	-162	 325
 57	-150	 550
-81	-195	-545
 59	 320	 216
 72	-60	 622
 12	-11	 232
 213	-263	 215
 448	 42	 509
 4	-404	 815
 184	-65	-368
-24	 483	 496
 9	-99	 785
-51	-168	 321
 49	-155	 560
-85	-194	-530
 64	 336	 215
 93	-66	 618
 2	-25	 219
 224	-268	 229
 451	 37	 498
 14	-416	 803
 192	-69	-372
-28	 475	 500
 0	-99	 768
-44	-165	 332
 57	-154	 563
-79	-186	-534
 60	 334	 218
 85	-55	 624
-3	-11	 214
 208	-282	 223
 445	 24	 518
-1	-403	 811
 184	-59	-357
-27	 475	 480
-16	-92	 766
-46	-180	 334
 42	-157	 530
-84	-199	-530
 55	 344	 210
 77	-57	 631
 5	-18	 224
 210	-277	 210
 453	 27	 528
-1	-413	 804
 192	-67	-350
-33	 470	 504
-1	-86	 770
-40	-163	 318
 46	-147	 560
-94	-187	-535
 60	 334	 213
 88	-61	 626
 11	-20	 233
 220	-274	 205
 445	 45	 514
 4	-398	 813
 195	-71	-351
-32	 474	 500
-2	-101	 764
-49	-175	 319
 50	-145	 557
-85	-191	-533
 57	 335	 231
 84	-66	 647
 9	-14	 240
 217	-269	 210
 448	 26	 502
 5	-403	 798
 191	-72	-349
-41	 470	 480
 3	-92	 764
-55	-167	 311
 52	-157	 562
-83	-191	-537
 68	 332	 215
 77	-56	 631
 5	-19	 222
 209	-273	 217
 444	 30	 518
 4	-393	 814
 200	-71	-363
-36	 481	 503
-7	-96	 772
-55	-174	 327
 56	-146	 568
-85	-196	-525
 59	 339	 212
 85	-66	 630
 12	-3	 210
 210	-265	 221
 466	 40	 510
 0	-401	 812
 198	-66	-360
-33	 473	 498
 5	-100	 781
-50	-173	 329
 69	-149	 552
-90	-186	-527
 47	 337	 207
 88	-59	 620
 7	-16	 216
 219	-269	 213
 452	 34	 516
-5	-418	 809
 185	-71	-379
-32	 474	 486
-3	-92	 778
-43	-166	 315
 58	-134	 558
-81	-192	-514
 53	 337	 212
 95	-62	 627
 4	-21	 237
 218	-269	 206
 456	 34	 515
-5	-404	 804
 186	-72	-366
-30	 480	 500
 5	-95	 798
-48	-171	 326
 43	-152	 546
-84	-193	-539
 58	 333	 213
 93	-65	 637
 6	-17	 237
 222	-271	 205
 459	 33	 517
 1	-405	 819
 203	-62	-353
-36	 481	 487
 2	-92	 793
-47	-165	 339
 54	-150	 551
-88	-199	-520
 56	 340	 228
 91	-56	 632
 14	-16	 226
 216	-272	 217
 445	 30	 504
-4	-408	 806
 199	-62	-351
-28	 478	 475
 0	-86	 779
-52	-162	 325
 43	-153	 560
-88	-197	-515
 60	 334	 206
 89	-50	 628
 4	-15	 240
 208	-279	 197
 447	 42	 505
-6	-403	 812
 183	-71	-376
-37	 478	 482
-1	-105	 782
-48	-173	 331
 56	-149	 547
-79	-196	-524
 45	 342	 219
 79	-62	 642
 6	-22	 231
 211	-274	 220
 448	 28	 500
-5	-396	 817
 201	-67	-346
-35	 476	 492
 0	-95	 781
-47	-164	 333
 60	-148	 560
-88	-197	-515
 58	 332	 216
 82	-67	 632
 13	-2	 221
 204	-267	 229
 440	 35	 520
-5	-411	 826
 199	-75	-352
-40	 476	 492
-3	-98	 803
-44	-163	 321
 48	-154	 555
-85	-200	-540
 65	 332	 218
 86	-63	 620
 16	-17	 229
 217	-272	 218
 461	 40	 515
 0	-403	 809
 195	-74	-372
-32	 474	 479
 7	-100	 776
-59	-164	 320
 57	-159	 569
-75	-199	-539
 58	 331	 226
 79	-66	 635
 8	-17	 217
 217	-262	 224
 451	 47	 525
-3	-405	 808
 195	-72	-338
-34	 469	 479
 1	-101	 766
-47	-159	 321
 49	-142	 544
-79	-196	-515
 58	 334	 236
 77	-65	 638
 7	-10	 229
 229	-269	 233
 455	 39	 520
 3	-408	 823
 198	-63	-375
-31	 481	 475
 1	-106	 786
-51	-160	 310
 48	-150	 547
-84	-190	-530
 60	 330	 222
 87	-54	 642
 0	-22	 236
 215	-260	 221
 457	 30	 513
-4	-410	 802
 197	-73	-363
-33	 476	 497
 6	-88	 767
-58	-168	 323
 47	-156	 553
-74	-195	-542
 51	 327	 225
 84	-57	 633
 7	-26	 220
 211	-272	 228
 455	 36	 508
-4	-414	 834
 187	-74	-364
-27	 483	 485
-5	-98	 777
-51	-159	 330
 42	-153	 545
-87	-178	-519
 51	 326	 225
 94	-56	 639
 3	-12	 226
 216	-267	 210
 442	 35	 520
-3	-401	 814
 195	-79	-337
-36	 480	 499
-4	-97	 775
-44	-169	 318
 53	-148	 549
-80	-195	-539
 52	 338	 220
 83	-61	 638
 2	-26	 235
 208	-273	 218
 461	 43	 507
 7	-405	 815
 183	-75	-365
-39	 477	 499
-3	-99	 775
-56	-168	 320
 47	-146	 580
-76	-188	-528
 50	 334	 222
 92	-59	 622
 11	-14	 234
 215	-277	 211
 449	 31	 507
 8	-407	 825
 177	-73	-373
-34	 473	 506
 8	-96	 762
-45	-162	 317
 55	-150	 556
-83	-200	-516
 55	 335	 226
 86	-61	 625
 13	-20	 237
 218	-265	 221
 454	 39	 520
-12	-403	 802
 202	-77	-364
-44	 464	 501
 3	-95	 779
-47	-170	 335
 47	-145	 558
-81	-188	-525
 63	 326	 220
 85	-62	 622
 2	-21	 231
 212	-265	 220
 458	 39	 523
-7	-407	 814
 196	-74	-346
-28	 482	 481
-8	-101	 763
-54	-159	 307
 52	-159	 541
-77	-183	-520
 55	 333	 218
 82	-62	 636
 6	-19	 226
 212	-265	 219
 453	 37	 510
 6	-404	 830
 193	-61	-364
-37	 478	 500
-2	-93	 780
-45	-164	 332
 56	-149	 549
-74	-191	-540
 58	 334	 218
 85	-56	 635
 2	-18	 228
 215	-262	 225
 454	 34	 507
 10	-407	 824
 189	-74	-365
-34	 482	 493
 6	-96	 767
-55	-165	 310
 49	-145	 557
-85	-191	-528
 48	 339	 222
 86	-64	 614
 3	-20	 226
 217	-266	 211
 459	 32	 516
 0	-408	 801
 202	-66	-365
-34	 475	 504
 8	-100	 772
-49	-171	 305
 59	-141	 567
-82	-189	-526
 54	 335	 219
 90	-64	 642
 13	-9	 231
 210	-270	 231
 453	 37	 515
-6	-412	 824
 188	-68	-354
-34	 477	 486
 0	-97	 781
-44	-162	 328
 56	-148	 548
-87	-202	-552
 55	 336	 217
 89	-59	 639
 12	-27	 225
 224	-264	 233
 458	 47	 497
 7	-417	 816
 197	-71	-354
-34	 477	 485
 0	-90	 781
-51	-152	 319
 47	-151	 563
-77	-198	-539
 71	 339	 211
 83	-73	 626
 3	-20	 226
 217	-276	 222
 450	 41	 505
 1	-414	 797
 195	-75	-357
-34	 480	 488
-4	-101	 769
-33	-162	 321
 60	-143	 570
-83	-184	-520
 57	 343	 220
 94	-59	 619
 10	-24	 213
 219	-269	 226
 445	 32	 496
-1	-401	 807
 184	-68	-368
-28	 475	 491
-1	-93	 780
-42	-168	 319
 47	-165	 566
-87	-186	-526
 61	 331	 233
 82	-52	 637
 5	-9	 238
 214	-269	 211
 451	 30	 516
-7	-412	 808
 189	-73	-359
-36	 482	 484
 3	-87	 772
-51	-173	 321
 60	-148	 563
-92	-202	-537
 60	 335	 237
 91	-55	 621
 0	-13	 221
 214	-267	 230
 451	 41	 528
 4	-408	 803
 192	-65	-376
-27	 484	 484
 0	-94	 777
-55	-160	 324
 54	-140	 553
-86	-191	-537
 63	 334	 222
 92	-49	 639
 7	-12	 224
 207	-259	 194
 461	 29	 503
 4	-404	 811
 197	-66	-360
-35	 475	 473
-5	-99	 752
-50	-167	 319
 50	-150	 539
-87	-200	-530
 62	 333	 209
 83	-60	 639
 7	-19	 228
 206	-260	 204
 444	 38	 514
 1	-410	 804
 193	-66	-366
-41	 487	 492
 8	-90	 773
-45	-163	 328
 66	-141	 555
-80	-197	-518
 52	 338	 211
 96	-69	 624
 11	-17	 228
 217	-269	 213
 450	 27	 518
 0	-410	 802
 199	-73	-356
-33	 470	 492
-2	-97	 782
-44	-165	 308
 47	-157	 539
-91	-209	-537
 59	 336	 224
 89	-60	 630
 13	-19	 220
 208	-275	 229
 457	 34	 508
-12	-405	 799
 194	-70	-350
-35	 466	 483
-4	-95	 769
-49	-164	 328
 50	-154	 561
-92	-189	-530
 62	 338	 233
 89	-69	 645
 1	-9	 223
 205	-267	 233
 449	 35	 503
 8	-413	 812
 197	-72	-355
-31	 479	 494
 8	-98	 778
-54	-161	 324
 51	-149	 576
-82	-183	-531
 48	 338	 225
 89	-54	 635
 10	-11	 216
 205	-273	 217
 454	 32	 506
 1	-413	 803
 186	-72	-363
-40	 477	 486
-1	-97	 765
-48	-168	 341
 50	-156	 558
-81	-195	-545
 52	 337	 235
 78	-61	 633
 16	-25	 240
 215	-266	 225
 448	 38	 512
-2	-407	 804
 192	-67	-352
-40	 486	 488
-1	-88	 785
-58	-169	 322
 50	-148	 551
-81	-197	-530
 58	 342	 217
 76	-62	 625
-4	-12	 224
 213	-272	 211
 456	 46	 533
 6	-418	 831
 201	-61	-344
-39	 472	 506
 0	-94	 773
-53	-163	 328
 40	-156	 567
-78	-197	-514
 47	 338	 215
 98	-59	 625
 1	-17	 226
 216	-269	 214
 458	 36	 490
-2	-414	 811
 200	-72	-371
-40	 473	 487
 0	-86	 776
-44	-160	 334
 53	-145	 565
-88	-190	-522
 65	 330	 215
 83	-53	 642
 6	-19	 226
 209	-269	 230
 454	 36	 506
 0	-414	 825
 182	-60	-375
-37	 470	 487
 9	-102	 786
-45	-172	 332
 44	-156	 540
-89	-185	-547
 56	 329	 216
 88	-57	 632
 10	-21	 233
 210	-272	 239
 457	 42	 515
-11	-404	 834
 199	-63	-359
-46	 490	 481
-4	-94	 773
-43	-164	 325
 42	-145	 541
-79	-192	-525
 58	 338	 206
 84	-64	 629
 13	-27	 236
 209	-268	 230
 444	 35	 519
 0	-411	 799
 190	-62	-357
-38	 475	 489
 1	-95	 775
-51	-160	 323
 56	-146	 558
-82	-191	-537
 55	 335	 224
 82	-60	 642
 4	-24	 225
 218	-274	 216
 463	 44	 523
-8	-400	 815
 180	-82	-356
-27	 478	 498
-1	-93	 768
-46	-162	 330
 54	-162	 547
-82	-196	-529
 64	 333	 212
 95	-68	 613
 14	-7	 226
 224	-281	 214
 451	 24	 515
 3	-408	 826
 191	-65	-390
-37	 476	 494
 3	-95	 762
-55	-166	 329
 56	-146	 559
-78	-199	-529
 60	 343	 225
 90	-65	 648
 3	-14	 216
 219	-278	 197
 465	 34	 509
 0	-415	 808
 181	-73	-370
-32	 471	 492
 6	-98	 772
-47	-167	 325
 59	-157	 534
-84	-199	-514
 55	 337	 214
 86	-58	 649
 0	-22	 232
 212	-268	 221
 456	 27	 517
-12	-411	 804
 196	-71	-390
-36	 476	 497
-1	-94	 781
-43	-172	 338
 49	-156	 569
-79	-195	-555
 64	 330	 221
 85	-58	 623
 11	-21	 226
 207	-277	 239
 446	 29	 524
-2	-408	 809
 193	-73	-355
-30	 479	 485
 3	-99	 765
-51	-161	 328
 49	-147	 551
-82	-193	-539
 52	 337	 238
 87	-60	 620
 7	-20	 219
 216	-271	 221
 460	 38	 522
 2	-408	 814
 190	-58	-371
-38	 475	 483
 0	-98	 779
-56	-175	 331
 51	-148	 558
-76	-184	-523
 66	 342	 211
 89	-59	 628
 13	-17	 232
 216	-266	 220
 456	 35	 494
 2	-409	 813
 203	-62	-349
-38	 487	 491
 7	-96	 783
-55	-168	 321
 50	-150	 555
-93	-200	-537
 54	 328	 218
 90	-74	 621
 6	-20	 223
 219	-258	 208
 457	 33	 520
 1	-406	 799
 200	-67	-367
-29	 481	 493
 0	-99	 758
-51	-159	 316
 51	-150	 545
-82	-185	-522
 51	 342	 218
 84	-55	 622
 2	-14	 229
 205	-270	 226
 452	 40	 525
 4	-406	 819
 194	-60	-364
-28	 479	 487
 3	-89	 774
-60	-162	 316
 49	-145	 568
-73	-189	-535
 53	 343	 207
 88	-69	 631
-4	-22	 220
 216	-268	 199
