No.	X	Y	Z
	 10	-14	 176
	 241	-273	 137
	 443	 25	 393
	 7	-413	 701
	 135	-52	-543
	 7	 450	 495
	 48	-69	 740
	-1	-194	 318
	 91	-116	 492
	-52	-165	-571
	 74	 393	 154
	 116	-26	 578
	 12	-6	 176
	 239	-281	 138
	 448	 15	 372
	 5	-400	 682
	 137	-58	-547
	 14	 459	 496
	 59	-74	 758
	-8	-194	 303
	 85	-125	 497
	-57	-176	-574
	 69	 392	 152
	 114	-34	 572
	 16	-9	 175
	 231	-277	 146
	 439	 8	 380
	 7	-394	 717
	 145	-60	-539
	 14	 462	 498
	 55	-62	 732
	-14	-189	 301
	 97	-130	 493
	-44	-173	-565
	 69	 389	 181
	 109	-34	 578
	 5	-7	 163
	 237	-272	 126
	 437	 12	 363
	 17	-397	 702
	 136	-58	-556
	 16	 450	 497
	 63	-75	 720
	-4	-188	 309
	 87	-123	 506
	-53	-169	-580
	 62	 390	 161
	 99	-25	 585
	 5	-8	 161
	 242	-278	 126
	 444	 20	 389
	 14	-398	 702
	 143	-56	-546
	 19	 450	 500
	 61	-55	 733
	-1	-195	 318
	 89	-111	 501
	-61	-182	-571
	 81	 396	 156
	 121	-25	 580
	 8	-3	 189
	 243	-279	 132
	 448	 12	 369
	 9	-412	 694
	 146	-57	-547
	 29	 466	 502
	 55	-78	 726
	 2	-200	 300
	 84	-125	 478
	-56	-166	-563
	 71	 395	 177
	 108	-24	 577
	 10	-6	 184
	 240	-277	 120
	 437	 16	 360
	 1	-401	 705
	 143	-60	-542
	 16	 460	 499
	 57	-80	 723
	-8	-195	 301
	 84	-117	 503
	-58	-175	-575
	 76	 396	 162
	 115	-28	 575
	 4	-11	 143
	 230	-278	 131
	 442	 22	 374
	 16	-402	 698
	 140	-65	-538
	 22	 466	 498
	 57	-72	 749
	 3	-205	 309
	 94	-118	 507
	-54	-171	-573
	 65	 390	 152
	 117	-25	 577
	 18	-6	 168
	 239	-278	 132
	 453	 2	 358
	 6	-414	 687
	 142	-54	-560
	 15	 463	 504
	 66	-70	 733
	 6	-194	 295
	 85	-125	 511
	-48	-173	-565
	 71	 398	 140
	 109	-34	 583
	 20	-11	 165
	 241	-283	 123
	 442	 19	 378
	 7	-408	 699
	 144	-57	-556
	 18	 463	 489
	 53	-69	 747
	-8	-196	 317
	 96	-125	 487
	-58	-168	-562
	 79	 396	 174
	 105	-34	 560
	 10	 7	 178
	 238	-277	 133
	 450	 20	 371
	 16	-400	 686
	 142	-66	-557
	 17	 460	 492
	 63	-64	 709
	-5	-186	 310
	 98	-123	 497
	-58	-172	-562
	 71	 392	 165
	 118	-24	 568
	 23	-4	 180
	 239	-277	 119
	 442	 10	 383
	 13	-399	 695
	 146	-62	-545
	 19	 459	 496
	 64	-69	 725
	 1	-201	 310
	 89	-125	 491
	-47	-177	-577
	 71	 391	 167
	 113	-46	 567
	 1	-7	 171
	 237	-271	 132
	 443	 18	 386
	 7	-420	 684
	 144	-58	-540
	 15	 454	 517
	 56	-60	 735
	-5	-209	 304
	 97	-124	 483
	-50	-180	-560
	 77	 396	 163
	 111	-25	 553
	 10	 0	 176
	 241	-282	 129
	 435	 30	 369
	 18	-402	 698
	 139	-49	-557
	 5	 455	 483
	 58	-70	 732
	 0	-201	 330
	 89	-124	 484
	-45	-174	-569
	 75	 386	 154
	 114	-34	 546
	 10	-1	 166
	 241	-281	 134
	 451	 16	 366
	 5	-415	 697
	 133	-56	-535
	 18	 459	 458
	 50	-76	 730
	-3	-197	 312
	 91	-119	 510
	-52	-174	-566
	 67	 378	 159
	 120	-22	 572
	 7	-3	 169
	 241	-275	 128
	 446	 18	 357
	 13	-404	 695
	 149	-63	-535
	 21	 466	 471
	 58	-67	 733
	-8	-195	 294
	 88	-118	 488
	-54	-181	-550
	 68	 389	 155
	 115	-32	 568
	-10	-10	 168
	 240	-279	 119
	 444	 26	 347
	 5	-413	 694
	 143	-63	-551
	 17	 480	 505
	 58	-69	 736
	 0	-197	 297
	 85	-126	 495
	-54	-186	-571
	 76	 398	 162
	 113	-34	 591
	 7	-3	 173
	 241	-275	 114
	 442	 23	 377
	 9	-402	 678
	 146	-52	-550
	 15	 461	 499
	 58	-68	 726
	 2	-190	 302
	 83	-118	 495
	-63	-171	-561
	 80	 385	 169
	 109	-33	 566
	 11	-4	 151
	 244	-278	 138
	 435	 22	 391
	 4	-402	 692
	 141	-60	-545
	 26	 456	 484
	 56	-70	 731
	 0	-186	 309
	 85	-128	 510
	-60	-171	-551
	 66	 393	 145
	 106	-32	 586
	 11	-5	 179
	 235	-273	 133
	 445	 19	 384
	 10	-413	 705
	 143	-58	-539
	 7	 459	 489
	 56	-66	 752
	-11	-202	 318
	 95	-122	 492
	-56	-171	-563
	 59	 399	 151
	 107	-32	 564
	 21	-6	 166
	 237	-272	 131
	 447	 14	 370
	 12	-399	 710
	 146	-57	-550
	 19	 463	 514
	 65	-63	 732
	-7	-200	 303
	 91	-118	 490
	-52	-168	-587
	 66	 384	 160
	 112	-30	 584
	 14	-14	 173
	 239	-272	 125
	 450	 19	 383
	 17	-411	 699
	 141	-49	-548
	 14	 460	 486
	 57	-66	 759
	-5	-192	 305
	 90	-114	 505
	-53	-175	-568
	 68	 393	 163
	 114	-33	 565
	 9	-1	 159
	 240	-277	 134
	 444	 13	 373
	 12	-397	 705
	 145	-59	-558
	 16	 462	 488
	 47	-73	 746
	-2	-194	 300
	 83	-124	 496
	-56	-179	-585
	 66	 388	 155
	 113	-16	 582
	 5	-1	 175
	 233	-277	 115
	 447	 16	 368
	 7	-407	 694
	 145	-47	-558
	 22	 461	 507
	 52	-66	 730
	-9	-194	 288
	 94	-118	 512
	-58	-176	-579
	 72	 388	 153
	 111	-28	 573
	 8	-14	 167
	 236	-278	 128
	 442	 22	 359
	 4	-411	 695
	 146	-68	-545
	 19	 464	 505
	 46	-73	 741
	 0	-206	 318
	 84	-119	 490
	-48	-181	-567
	 76	 393	 160
	 125	-30	 575
	 11	-4	 169
	 238	-275	 119
	 435	 5	 366
	 9	-417	 695
	 155	-60	-551
	 17	 459	 499
	 61	-72	 743
	-3	-191	 316
	 96	-117	 505
	-59	-177	-579
	 65	 394	 161
	 108	-43	 569
	 4	-2	 177
	 238	-280	 120
	 440	 20	 365
	 14	-419	 678
	 150	-63	-555
	 20	 463	 488
	 46	-74	 751
	 0	-204	 309
	 99	-123	 493
	-55	-176	-566
	 71	 405	 158
	 122	-26	 575
	 13	-1	 165
	 241	-272	 144
	 443	 9	 358
	 11	-408	 709
	 144	-58	-541
	 17	 459	 502
	 57	-78	 710
	-16	-199	 294
	 89	-125	 497
	-46	-175	-570
	 78	 385	 154
	 112	-34	 580
	 10	-8	 165
	 234	-280	 131
	 432	 22	 377
	 18	-412	 684
	 147	-59	-551
	 22	 464	 510
	 46	-70	 746
	-3	-191	 279
	 88	-124	 507
	-60	-183	-577
	 68	 387	 156
	 117	-26	 580
	 2	-6	 163
	 246	-276	 149
	 434	 14	 366
	 17	-413	 689
	 133	-59	-534
	 22	 459	 494
	 47	-71	 728
	-9	-197	 312
	 83	-119	 493
	-49	-177	-578
	 75	 395	 164
	 104	-25	 595
	-2	-3	 171
	 240	-269	 132
	 448	 26	 361
	 9	-411	 696
	 146	-53	-556
	 11	 463	 504
	 52	-68	 753
	 1	-185	 308
	 81	-127	 500
	-67	-170	-575
	 73	 397	 153
	 109	-30	 568
	 7	-4	 182
	 239	-282	 135
	 438	 13	 373
	 19	-399	 684
	 149	-64	-516
	 22	 473	 503
	 50	-75	 737
	-4	-213	 303
	 88	-117	 491
	-52	-172	-565
	 63	 386	 143
	 112	-25	 568
	 9	-11	 188
	 246	-269	 134
	 445	 8	 348
	-2	-409	 695
	 136	-62	-562
	 16	 469	 497
	 54	-61	 745
	-15	-198	 315
	 96	-125	 490
	-50	-175	-551
	 73	 402	 152
	 114	-33	 558
	 1	-12	 158
	 238	-275	 147
	 442	 28	 360
	 6	-402	 710
	 145	-50	-553
	 18	 468	 504
	 59	-68	 751
	-10	-189	 312
	 87	-118	 488
	-56	-174	-577
	 73	 385	 173
	 108	-41	 581
	 10	-4	 171
	 230	-265	 128
	 450	 21	 382
	 4	-399	 700
	 156	-57	-537
	 31	 466	 492
	 51	-65	 734
	-11	-204	 304
	 89	-106	 502
	-52	-175	-554
	 79	 390	 174
	 113	-35	 585
	 3	 2	 153
	 241	-289	 147
	 442	 10	 373
	 7	-407	 697
	 137	-64	-536
	 23	 470	 506
	 53	-67	 726
	 0	-205	 311
	 86	-124	 488
	-54	-177	-545
	 84	 387	 163
	 118	-34	 572
	 12	-1	 169
	 229	-277	 143
	 444	 14	 370
	 18	-408	 684
	 139	-60	-542
	 21	 456	 500
	 45	-75	 744
	 1	-198	 294
	 99	-118	 490
	-56	-167	-573
	 82	 390	 169
	 115	-28	 596
	-3	 0	 178
	 242	-258	 137
	 443	 18	 359
	 10	-402	 695
	 143	-54	-548
	 12	 459	 487
	 52	-72	 769
	-4	-191	 305
	 93	-113	 485
	-59	-171	-548
	 74	 395	 161
	 121	-33	 587
	 6	-6	 151
	 233	-268	 111
	 436	 14	 366
	 15	-408	 697
	 146	-54	-554
	 11	 465	 493
	 57	-74	 734
	-4	-194	 307
	 89	-133	 491
	-49	-169	-573
	 70	 389	 157
	 104	-23	 578
	 14	-11	 169
	 243	-281	 138
	 442	 16	 358
	 5	-411	 698
	 141	-54	-556
	 12	 461	 510
	 54	-61	 726
	 1	-209	 294
	 84	-120	 520
	-62	-175	-568
	 73	 387	 162
	 108	-35	 585
	 8	-5	 169
	 244	-269	 138
	 452	 19	 365
	 9	-412	 695
	 146	-51	-545
	 10	 468	 504
	 55	-61	 738
	-13	-191	 315
	 105	-126	 490
	-50	-171	-568
	 80	 393	 172
	 112	-34	 560
	 13	-12	 167
	 229	-272	 139
	 442	 11	 374
	 3	-411	 707
	 138	-52	-541
	 22	 459	 492
	 56	-67	 751
	-7	-194	 325
	 91	-111	 518
	-37	-166	-570
	 74	 390	 149
	 115	-19	 578
	 5	-20	 179
	 237	-278	 132
	 439	 18	 360
	 4	-406	 704
	 150	-62	-557
	 10	 472	 492
	 59	-62	 742
	-12	-197	 322
	 92	-113	 505
	-61	-175	-586
	 68	 387	 155
	 105	-36	 583
	 5	-4	 172
	 233	-261	 129
	 438	 22	 374
	 13	-406	 707
	 142	-54	-529
	 12	 463	 502
	 60	-66	 729
	-9	-190	 324
	 88	-115	 490
	-53	-176	-584
	 65	 395	 156
	 113	-26	 574
	 9	 4	 164
	 234	-273	 131
	 443	 21	 368
	 3	-405	 699
	 140	-54	-555
	 20	 471	 500
	 49	-66	 749
	-12	-189	 296
	 93	-128	 508
	-51	-186	-556
	 81	 388	 157
	 121	-33	 600
	 2	-1	 169
	 240	-279	 120
	 446	 21	 361
	 0	-418	 690
	 151	-55	-530
	 17	 463	 484
	 53	-76	 731
	-2	-202	 300
	 81	-122	 487
	-61	-166	-561
	 72	 387	 153
	 111	-37	 571
	 16	 0	 169
	 241	-281	 129
	 437	 5	 389
	 12	-412	 684
	 142	-59	-548
	 12	 464	 500
	 46	-53	 749
	-5	-198	 289
	 95	-117	 513
	-50	-174	-568
	 64	 392	 156
	 106	-27	 570
	 9	-4	 166
	 236	-285	 131
	 444	 27	 363
	 8	-412	 682
	 146	-51	-556
	 14	 458	 495
	 57	-62	 747
	-13	-202	 302
	 93	-120	 488
	-54	-172	-560
	 75	 392	 174
	 106	-28	 577
	-3	-6	 170
	 235	-272	 147
	 435	 13	 392
	 5	-401	 704
	 139	-58	-538
	 14	 471	 495
	 62	-64	 742
	-20	-189	 298
	 91	-127	 509
	-47	-172	-566
	 77	 399	 159
	 117	-29	 584
	 17	-2	 151
	 242	-283	 115
	 450	 13	 356
	 5	-405	 695
	 139	-57	-557
	 13	 471	 497
	 48	-58	 747
	-4	-200	 314
	 91	-128	 499
	-48	-180	-567
	 80	 395	 164
	 102	-36	 576
	 9	-2	 172
	 237	-274	 134
	 453	 17	 368
	 6	-399	 701
	 145	-50	-543
	 20	 460	 509
	 70	-76	 729
	 3	-193	 312
	 87	-121	 483
	-53	-168	-576
	 67	 390	 148
	 108	-29	 574
	 5	-7	 169
	 238	-273	 107
	 446	 2	 370
	 9	-404	 684
	 140	-49	-548
	 17	 474	 480
	 53	-75	 750
	-6	-196	 306
	 85	-126	 495
	-62	-169	-565
	 73	 385	 156
	 106	-20	 593
	 19	 2	 166
	 234	-281	 132
	 459	 15	 368
	 16	-404	 701
	 144	-57	-554
	 11	 461	 510
	 47	-73	 748
	-16	-196	 315
	 88	-121	 505
	-55	-175	-563
	 70	 390	 183
	 116	-32	 574
	 13	-6	 166
	 229	-282	 119
	 441	 12	 374
	 13	-401	 703
	 144	-69	-538
	 14	 467	 492
	 52	-67	 745
	 0	-195	 308
	 97	-119	 502
	-49	-171	-584
	 82	 395	 146
	 107	-29	 568
	 11	-17	 160
	 241	-276	 107
	 444	 18	 383
	 9	-409	 699
	 148	-60	-542
	 4	 459	 508
	 45	-74	 752
	-14	-191	 310
	 100	-112	 498
	-53	-179	-562
	 68	 393	 150
	 115	-36	 573
	 1	-9	 165
	 235	-275	 129
	 439	 19	 367
	 7	-410	 697
	 142	-51	-543
	 22	 453	 494
	 58	-61	 741
	-1	-203	 294
	 90	-114	 495
	-61	-179	-579
	 84	 380	 159
	 110	-26	 569
	 9	 8	 172
	 235	-273	 133
	 443	 16	 366
	 18	-409	 697
	 134	-53	-551
	 9	 467	 491
	 51	-61	 750
	-11	-198	 311
	 89	-116	 496
	-69	-171	-583
	 80	 388	 154
	 112	-25	 570
	 10	-12	 174
	 231	-275	 128
	 443	 11	 372
	 0	-411	 700
	 144	-44	-548
	 5	 469	 498
	 53	-68	 752
	-9	-190	 297
	 96	-113	 493
	-52	-176	-557
	 74	 383	 149
	 115	-33	 574
	 9	-16	 166
	 236	-281	 129
	 447	 12	 382
	 8	-408	 692
	 143	-57	-542
	 10	 462	 507
	 54	-72	 738
	 1	-198	 318
	 100	-122	 501
	-52	-177	-564
	 67	 393	 157
	 119	-28	 569
	 13	-6	 168
	 238	-282	 124
	 436	 18	 364
	 10	-410	 687
	 144	-48	-539
	 3	 466	 497
	 53	-65	 749
	-6	-197	 310
	 93	-116	 499
	-57	-178	-569
	 69	 396	 172
	 123	-31	 575
	 16	-4	 170
	 239	-274	 122
	 442	 29	 378
	 8	-411	 688
	 142	-59	-553
	 16	 474	 487
	 51	-62	 752
	-10	-199	 311
	 91	-123	 506
	-64	-176	-581
	 67	 398	 151
	 115	-30	 562
	 8	-13	 173
	 248	-287	 128
	 442	 14	 380
	 4	-406	 707
	 152	-59	-536
	 16	 470	 510
	 54	-77	 748
	-13	-189	 289
	 79	-117	 497
	-53	-179	-554
	 65	 392	 156
	 111	-33	 565
	 9	-6	 160
	 239	-270	 129
	 438	 15	 362
	 15	-407	 707
	 151	-59	-548
	 21	 459	 501
	 54	-65	 729
	-4	-202	 311
	 95	-121	 500
	-60	-171	-578
	 69	 399	 156
	 109	-33	 579
	 7	-5	 178
	 244	-269	 122
	 429	 22	 359
	 17	-421	 703
	 150	-58	-543
	 22	 450	 500
	 63	-69	 746
	 0	-196	 294
	 91	-125	 500
	-58	-176	-571
	 72	 378	 184
	 124	-24	 572
	 6	-13	 169
	 227	-278	 136
	 452	 9	 367
	 10	-405	 704
	 138	-56	-558
	 15	 447	 478
	 53	-66	 735
	 0	-195	 316
	 95	-122	 503
	-63	-170	-559
	 66	 388	 164
	 102	-35	 558
	 6	-16	 169
	 231	-278	 129
	 445	 10	 380
	 19	-405	 692
	 149	-51	-555
	 15	 459	 501
	 49	-75	 744
	-5	-196	 321
	 85	-124	 497
	-57	-170	-548
	 71	 378	 152
	 112	-31	 579
	 16	-2	 147
	 234	-271	 120
	 447	 15	 367
	 1	-412	 698
	 138	-58	-548
	 14	 461	 507
	 60	-74	 742
	-6	-186	 305
	 85	-109	 498
	-51	-173	-568
	 72	 389	 150
	 111	-30	 576
	 20	-11	 167
	 239	-272	 129
	 442	 10	 370
	 8	-396	 698
	 147	-57	-544
	 17	 468	 505
	 55	-74	 761
	-6	-196	 310
	 95	-119	 506
	-59	-167	-564
	 75	 379	 161
	 108	-23	 575
	 13	-8	 157
	 239	-278	 128
	 441	 14	 359
	 5	-411	 700
	 132	-60	-563
	 15	 466	 504
	 38	-63	 757
	-10	-187	 320
	 102	-127	 504
	-52	-163	-566
	 67	 388	 146
	 112	-33	 573
	 8	-1	 164
	 242	-275	 147
	 436	 6	 376
	 17	-408	 693
	 137	-57	-549
	 18	 453	 496
	 54	-70	 759
	-9	-197	 292
	 89	-115	 497
	-52	-186	-558
	 76	 387	 159
	 110	-15	 560
	 9	-7	 184
	 243	-273	 121
	 444	 16	 361
	 0	-401	 698
	 138	-57	-548
	 16	 461	 490
	 53	-72	 749
	-5	-188	 304
	 89	-129	 490
	-58	-184	-555
	 79	 379	 148
	 110	-29	 567
	 10	-1	 174
	 232	-269	 128
	 445	 9	 355
	 14	-409	 694
	 147	-59	-542
	 16	 456	 504
	 56	-68	 745
	-5	-192	 310
	 89	-117	 508
	-61	-179	-559
	 77	 392	 158
	 111	-25	 563
	 20	-1	 165
	 236	-274	 136
	 448	 15	 371
	 3	-407	 692
	 136	-52	-559
	 20	 461	 489
	 55	-68	 734
	-6	-190	 301
	 85	-112	 495
	-57	-179	-560
	 77	 394	 154
	 107	-28	 589
	 11	-12	 183
	 236	-279	 129
	 434	 19	 375
	 13	-417	 704
	 142	-62	-526
	 20	 456	 509
	 57	-75	 733
	-2	-203	 291
	 84	-127	 503
	-61	-181	-577
	 69	 394	 156
	 117	-26	 587
	 9	 4	 175
	 248	-278	 140
	 444	 21	 386
	 7	-405	 684
	 147	-53	-561
	 26	 458	 518
	 54	-66	 725
	-5	-183	 292
	 80	-119	 508
	-60	-170	-570
	 71	 385	 149
	 109	-34	 560
	 11	-2	 172
	 245	-281	 125
	 445	 22	 379
	 2	-412	 685
	 148	-59	-559
	 18	 458	 504
	 52	-71	 725
	-17	-195	 306
	 83	-127	 513
	-41	-165	-599
	 74	 392	 159
	 122	-29	 576
	 7	 0	 175
	 234	-278	 134
	 458	 18	 378
	 9	-413	 695
	 142	-49	-551
	 25	 466	 516
	 54	-67	 748
	 0	-192	 323
	 86	-123	 484
	-46	-172	-557
	 80	 394	 149
	 101	-33	 563
	 12	-10	 161
	 239	-274	 130
	 445	 30	 382
	 13	-411	 695
	 135	-51	-545
	 19	 469	 485
	 49	-64	 755
	-10	-194	 303
	 97	-118	 493
	-46	-169	-576
	 68	 395	 150
	 107	-28	 571
	 5	-2	 181
	 238	-281	 141
	 445	 9	 376
	 10	-410	 688
	 148	-57	-551
	 25	 461	 491
	 52	-68	 770
	-8	-198	 313
	 86	-131	 506
	-54	-183	-565
	 70	 392	 169
	 118	-30	 568
	 20	-10	 167
	 240	-279	 140
	 446	 7	 358
	 10	-411	 693
	 138	-55	-550
	 9	 461	 505
	 55	-70	 724
	-12	-196	 305
	 92	-121	 490
	-46	-181	-568
	 71	 385	 163
	 118	-33	 592
	 2	-5	 174
	 237	-269	 122
	 448	 23	 364
	 11	-405	 701
	 142	-54	-540
	 22	 458	 494
	 61	-73	 737
	-13	-203	 308
	 94	-113	 495
	-51	-178	-570
	 68	 398	 152
	 117	-29	 558
	 7	-6	 163
	 239	-276	 119
	 438	 17	 376
	 1	-397	 702
	 141	-64	-557
	 5	 468	 478
	 44	-77	 750
	-7	-200	 324
	 86	-125	 487
	-58	-172	-564
	 73	 392	 150
	 108	-35	 588
	 8	-2	 160
	 228	-283	 125
	 440	 22	 380
	 13	-405	 698
	 144	-53	-561
	 13	 463	 491
	 54	-74	 739
	 0	-189	 309
	 89	-128	 490
	-48	-171	-568
	 85	 386	 154
	 123	-28	 570
	 16	 0	 181
	 232	-270	 124
	 440	 14	 353
	 3	-413	 714
	 144	-55	-540
	 23	 452	 493
	 51	-78	 741
	-8	-188	 299
	 87	-118	 497
	-46	-166	-574
	 67	 394	 156
	 115	-31	 579
	 3	 4	 166
	 239	-280	 122
	 434	 16	 381
	 9	-412	 696
	 132	-50	-550
	 13	 467	 510
	 53	-65	 753
	-3	-190	 289
	 91	-121	 512
	-51	-173	-560
	 79	 393	 157
	 115	-24	 573
	 8	 1	 181
	 243	-263	 137
	 446	 17	 370
	 4	-415	 697
	 136	-56	-538
	 14	 463	 482
	 61	-64	 716
	-12	-198	 306
	 88	-114	 500
	-52	-180	-573
	 69	 393	 151
	 105	-31	 580
	 13	-10	 176
	 248	-271	 136
	 436	 17	 361
	 9	-400	 683
	 146	-48	-549
	 14	 465	 516
	 57	-72	 744
	-3	-189	 310
	 99	-130	 490
	-61	-176	-567
	 78	 394	 166
	 110	-25	 572
	 12	-13	 176
	 245	-273	 129
	 446	 14	 377
	 4	-415	 712
	 143	-59	-553
	 14	 455	 508
	 56	-71	 747
	-4	-185	 307
	 89	-123	 501
	-55	-184	-572
	 73	 396	 159
	 114	-25	 572
	 16	-1	 184
	 232	-272	 122
	 442	 23	 385
	 1	-401	 703
	 141	-62	-547
	 11	 465	 500
	 47	-65	 739
	-7	-196	 309
	 97	-125	 507
	-68	-182	-569
	 80	 389	 148
	 124	-36	 579
	 2	-9	 173
	 227	-276	 104
	 443	 19	 364
	 5	-418	 705
	 138	-57	-543
	 9	 462	 495
	 56	-61	 719
	-2	-185	 296
	 97	-115	 501
	-55	-168	-579
	 72	 385	 164
	 120	-25	 578
	 12	 9	 161
	 238	-273	 134
	 434	 18	 372
	 11	-404	 716
	 130	-52	-542
	 19	 460	 494
	 65	-64	 729
	-1	-187	 306
	 91	-114	 487
	-57	-175	-557
	 76	 386	 156
	 110	-37	 591
	 11	-6	 168
	 230	-281	 130
	 459	 19	 376
	 16	-400	 690
	 136	-60	-545
	 16	 461	 490
	 61	-73	 740
	-12	-192	 307
	 99	-132	 499
	-55	-177	-569
	 75	 385	 160
	 104	-31	 568
	 11	-6	 171
	 236	-278	 130
	 426	 21	 370
	 13	-399	 701
	 145	-58	-539
	 9	 463	 508
	 54	-65	 749
	-9	-188	 296
	 94	-120	 515
	-61	-176	-568
	 84	 385	 170
	 107	-35	 585
	 8	-6	 155
	 238	-285	 131
	 448	 13	 380
	 8	-411	 703
	 140	-55	-560
	 19	 455	 502
	 56	-62	 728
	 0	-197	 313
	 93	-124	 484
	-57	-176	-574
	 76	 397	 151
	 113	-31	 597
	 16	-8	 154
	 248	-276	 118
	 446	 18	 375
	 2	-402	 685
	 150	-59	-548
	 5	 469	 510
	 36	-64	 725
	-10	-193	 310
	 95	-120	 512
	-52	-172	-550
	 71	 395	 164
	 120	-42	 568
	 13	-6	 173
	 236	-276	 110
	 445	 18	 388
	 13	-414	 681
	 143	-62	-537
	 21	 448	 495
	 54	-70	 737
	-14	-185	 307
	 86	-129	 504
	-49	-167	-584
	 69	 390	 152
	 110	-28	 576
	 4	-6	 166
	 240	-279	 122
	 452	 22	 377
	 0	-411	 685
	 140	-57	-537
	 6	 463	 500
	 61	-60	 733
	-6	-201	 294
	 94	-111	 496
	-57	-188	-561
	 72	 390	 148
	 111	-32	 590
	 5	-1	 174
	 233	-269	 135
	 446	 16	 375
	 6	-402	 691
	 155	-54	-550
	 12	 468	 510
	 58	-69	 735
	 0	-194	 301
	 93	-123	 503
	-56	-172	-563
	 76	 390	 152
	 124	-25	 572
	 15	-8	 161
	 249	-276	 137
	 435	 13	 386
	 4	-397	 705
	 141	-63	-542
	 19	 459	 498
	 52	-58	 752
	-4	-194	 305
	 87	-114	 522
	-62	-166	-572
	 75	 395	 163
	 117	-30	 566
	 9	 1	 162
	 236	-273	 133
	 449	 13	 367
	 12	-407	 704
	 145	-52	-553
	 23	 453	 500
	 53	-68	 738
	-11	-195	 309
	 84	-128	 493
	-53	-175	-559
	 69	 390	 149
	 112	-42	 571
	 7	-7	 184
	 238	-274	 148
	 445	 22	 353
	 21	-423	 682
	 146	-57	-552
	 19	 457	 497
	 64	-68	 737
	-5	-196	 310
	 86	-115	 499
	-53	-176	-570
	 71	 384	 154
	 112	-36	 581
	 14	-3	 156
	 233	-279	 128
	 450	 24	 367
	 16	-408	 702
	 138	-59	-548
	 23	 466	 503
	 59	-64	 755
	 4	-200	 324
	 94	-119	 512
	-50	-171	-562
	 76	 391	 183
	 108	-26	 590
	 6	-3	 188
	 244	-271	 133
	 451	 18	 380
	 9	-415	 704
	 154	-53	-541
	 15	 464	 507
	 52	-56	 745
	-5	-184	 308
	 88	-120	 485
	-60	-172	-550
	 84	 383	 176
	 115	-29	 570
	 15	-11	 163
	 236	-283	 119
	 448	 23	 358
	 11	-412	 699
	 135	-52	-553
	 11	 457	 503
	 53	-75	 744
	-3	-194	 300
	 86	-120	 508
	-50	-174	-581
	 69	 389	 166
	 120	-28	 570
	 2	-7	 176
	 234	-269	 131
	 444	 15	 348
	 10	-409	 692
	 144	-57	-561
	 14	 462	 495
	 63	-69	 738
	-6	-194	 299
	 92	-123	 491
	-43	-176	-555
	 67	 396	 164
	 99	-37	 575
	 9	-3	 169
	 242	-270	 133
	 438	 16	 385
	 14	-420	 707
	 146	-55	-525
	 18	 457	 494
	 57	-68	 744
	 3	-195	 305
	 91	-125	 496
	-54	-165	-588
	 73	 391	 154
	 111	-35	 560
	 16	 0	 164
	 241	-283	 140
	 441	 24	 373
	 10	-407	 702
	 143	-51	-557
	 16	 456	 497
	 55	-64	 740
	-2	-201	 306
	 90	-114	 496
	-53	-172	-565
	 77	 386	 159
	 114	-34	 580
	 10	-1	 170
	 243	-283	 140
	 450	 21	 372
	 13	-406	 701
	 146	-63	-542
	 18	 467	 499
	 58	-66	 734
	-2	-197	 305
	 92	-124	 497
	-49	-177	-556
	 66	 398	 164
	 126	-37	 567
	 20	-14	 168
	 253	-275	 132
	 445	 11	 366
	 15	-400	 698
	 142	-58	-554
	 22	 473	 502
	 45	-69	 743
	-11	-195	 306
	 85	-128	 486
	-56	-183	-576
	 71	 391	 152
	 112	-31	 589
	 7	-2	 182
	 241	-281	 138
	 449	 15	 374
	 6	-403	 690
	 141	-51	-537
	 12	 459	 498
	 41	-73	 743
	-6	-185	 289
	 91	-123	 503
	-48	-171	-558
	 68	 395	 172
	 107	-22	 566
	 9	-9	 177
	 232	-286	 139
	 438	 20	 358
	 8	-407	 707
	 138	-57	-560
	 12	 457	 479
	 55	-73	 737
	-11	-194	 311
	 92	-130	 515
	-56	-175	-568
	 68	 388	 149
	 111	-27	 563
	 7	-2	 169
	 233	-272	 147
	 438	 20	 372
	 16	-404	 702
	 146	-53	-545
	 28	 450	 500
	 48	-75	 744
	 0	-197	 303
	 93	-131	 506
	-48	-181	-588
	 69	 394	 161
	 115	-26	 575
	 11	-10	 151
	 231	-288	 137
	 438	 22	 360
	 17	-401	 695
	 135	-57	-545
	 13	 472	 497
	 55	-75	 755
	-7	-191	 297
	 91	-123	 515
	-57	-181	-556
	 66	 399	 156
	 101	-21	 576
	 11	-4	 157
	 242	-278	 121
	 448	 12	 379
	 13	-407	 702
	 138	-55	-545
	 15	 468	 493
	 49	-72	 739
	 3	-193	 308
	 92	-129	 478
	-55	-173	-566
	 72	 390	 157
	 112	-35	 582
	 13	-13	 183
	 237	-274	 138
	 444	 18	 377
	 4	-411	 673
	 148	-49	-541
	 12	 460	 494
	 54	-74	 742
	 4	-200	 297
	 94	-125	 486
	-63	-173	-580
	 73	 394	 146
	 110	-25	 573
	 8	-11	 177
	 236	-265	 129
	 453	 14	 369
	 8	-412	 691
	 155	-53	-554
	 28	 460	 503
	 56	-62	 732
	 1	-195	 305
	 98	-128	 501
	-52	-169	-554
	 67	 381	 159
	 103	-35	 582
	 10	-12	 165
	 239	-278	 113
	 436	 13	 354
	 9	-409	 698
	 139	-60	-545
	 9	 456	 496
	 53	-73	 740
	 2	-197	 313
	 94	-121	 520
	-48	-176	-545
	 62	 399	 162
	 116	-31	 583
	 9	 1	 156
	 241	-277	 137
	 447	 24	 377
	 2	-409	 705
	 148	-62	-555
	 18	 457	 499
	 57	-71	 764
	 0	-204	 313
	 87	-128	 494
	-40	-184	-574
	 73	 386	 162
	 120	-30	 564
	 13	-7	 164
	 235	-283	 129
	 441	 17	 365
	 8	-410	 693
	 139	-50	-554
	 14	 461	 507
	 51	-62	 751
	 0	-190	 302
	 93	-125	 485
	-54	-182	-568
	 74	 388	 165
	 114	-24	 563
	 15	-5	 173
	 247	-277	 140
	 447	 19	 373
	 9	-401	 723
	 145	-64	-538
	 13	 466	 488
	 65	-66	 748
	 0	-198	 306
	 95	-120	 495
	-51	-161	-577
	 71	 389	 139
	 115	-35	 571
	 12	-11	 184
	 242	-284	 129
	 438	 18	 378
	 3	-394	 701
	 141	-55	-557
	 8	 459	 487
	 50	-76	 741
	-4	-190	 298
	 85	-116	 479
	-51	-183	-580
	 75	 385	 171
	 111	-25	 572
	 6	-9	 174
	 243	-282	 139
	 440	 0	 376
	 7	-414	 686
	 139	-50	-559
	 21	 459	 491
	 55	-75	 742
	-4	-199	 310
	 88	-119	 485
	-57	-173	-575
	 74	 389	 137
	 112	-22	 580
	 8	-4	 173
	 230	-274	 137
	 446	 24	 363
	 7	-410	 697
	 143	-65	-550
	 13	 463	 497
	 50	-73	 737
	-3	-200	 316
	 92	-125	 481
	-59	-170	-578
	 74	 391	 157
	 112	-34	 571
	 4	-2	 171
	 241	-275	 130
	 445	 18	 366
	 16	-405	 700
	 144	-61	-545
	 8	 460	 491
	 64	-67	 737
	-10	-189	 295
	 85	-120	 513
	-40	-186	-560
	 63	 393	 144
	 117	-28	 576
	 14	-6	 164
	 241	-275	 120
	 434	 15	 362
	 13	-411	 692
	 134	-59	-525
	 14	 464	 502
	 57	-59	 726
	 2	-194	 318
	 91	-125	 506
	-53	-171	-581
	 81	 382	 154
	 106	-26	 578
	 16	-9	 162
	 237	-279	 132
	 446	 24	 371
	 14	-411	 705
	 142	-53	-545
	 20	 465	 497
	 57	-70	 736
	 0	-194	 310
	 85	-116	 493
	-61	-167	-563
	 75	 401	 147
	 110	-34	 581
	 12	-5	 178
	 239	-280	 143
	 441	 16	 373
	 19	-412	 701
	 149	-53	-534
	 17	 461	 503
	 57	-66	 739
	-8	-201	 310
	 93	-115	 499
	-54	-165	-574
	 71	 393	 164
	 110	-29	 558
	 10	-3	 160
	 241	-281	 141
	 447	 24	 391
	 8	-409	 698
	 136	-61	-553
	 12	 460	 478
	 49	-76	 757
	-9	-193	 305
	 93	-122	 493
	-63	-175	-578
	 72	 391	 161
	 110	-34	 578
	 13	-16	 180
	 242	-279	 119
	 441	 20	 374
	 3	-415	 700
	 145	-49	-550
	 18	 452	 501
	 60	-72	 730
	-8	-193	 301
	 83	-122	 497
	-59	-172	-573
	 84	 390	 159
	 108	-32	 575
	 5	 1	 167
	 243	-279	 143
	 438	 16	 388
	 17	-403	 693
	 143	-67	-540
	 19	 467	 494
	 58	-69	 762
	-6	-197	 310
	 94	-124	 497
	-50	-177	-580
	 79	 393	 158
	 106	-35	 596
	 8	-2	 172
	 236	-267	 134
	 453	 25	 380
	 13	-413	 692
	 143	-55	-545
	 22	 460	 500
	 51	-72	 758
	-5	-200	 304
	 91	-115	 499
	-54	-164	-574
	 73	 386	 186
	 118	-34	 562
	 9	-7	 168
	 233	-273	 132
	 436	 20	 381
	 18	-405	 717
	 147	-52	-555
	 15	 460	 471
	 61	-75	 732
	-8	-193	 313
	 86	-123	 497
	-51	-180	-565
	 79	 388	 154
	 112	-26	 588
	 12	-10	 158
	 239	-269	 131
	 439	 13	 379
	 13	-404	 701
	 139	-53	-550
	 16	 460	 493
	 51	-70	 726
	-6	-203	 310
	 86	-125	 500
	-58	-172	-569
	 66	 390	 170
	 116	-31	 584
	 3	 8	 183
	 239	-286	 127
	 443	 14	 375
	 9	-406	 698
	 132	-52	-543
	 14	 463	 482
	 59	-71	 737
	-6	-185	 307
	 87	-123	 514
	-48	-170	-552
	 79	 385	 155
	 109	-32	 577
	 5	-5	 180
	 243	-287	 130
	 451	 24	 379
	 19	-417	 687
	 136	-53	-542
	 21	 461	 494
	 55	-74	 735
	-10	-193	 303
	 99	-124	 516
	-56	-179	-566
	 79	 392	 150
	 107	-28	 572
	 14	-10	 160
	 233	-273	 127
	 447	 16	 373
	 18	-418	 700
	 144	-50	-543
	 11	 458	 511
	 53	-67	 729
	-6	-202	 309
	 87	-126	 486
	-56	-167	-561
	 62	 400	 164
	 117	-35	 559
	 10	-9	 184
	 241	-285	 127
	 446	 28	 374
	 16	-406	 700
	 143	-57	-531
	 10	 447	 513
	 52	-68	 742
	-3	-200	 304
	 87	-126	 492
	-60	-179	-565
	 67	 398	 154
	 110	-33	 570
	 7	-4	 172
	 242	-270	 127
	 442	 17	 384
	 17	-411	 696
	 157	-66	-559
	 18	 454	 501
	 55	-66	 759
	-10	-203	 312
	 90	-123	 507
	-52	-166	-560
	 67	 390	 151
	 119	-26	 564
	 17	-13	 163
	 234	-277	 124
	 447	 13	 382
	 13	-406	 705
	 143	-63	-548
	 7	 455	 496
	 62	-60	 756
	-16	-200	 308
	 98	-126	 489
	-56	-173	-568
	 73	 385	 164
	 99	-26	 565
	 17	-16	 160
	 242	-274	 131
	 454	 18	 364
	 4	-408	 693
	 147	-50	-566
	 33	 468	 505
	 51	-71	 746
	-18	-194	 296
	 94	-129	 491
	-56	-177	-571
	 72	 399	 157
	 101	-32	 575
	 10	 1	 164
	 238	-275	 117
	 442	 18	 374
	 5	-411	 684
	 133	-50	-563
	 12	 454	 493
	 59	-62	 718
	 5	-192	 310
	 90	-120	 492
	-61	-172	-560
	 80	 379	 139
	 106	-28	 565
	 8	-2	 169
	 230	-277	 124
	 440	 9	 359
	 11	-412	 705
	 141	-59	-549
	 10	 464	 508
	 53	-76	 742
	-4	-185	 312
	 87	-133	 500
	-37	-171	-560
	 78	 394	 162
	 107	-39	 559
	 16	-6	 155
	 233	-278	 125
	 444	 22	 376
	 12	-415	 706
	 152	-51	-545
	 25	 456	 495
	 51	-66	 754
	-1	-197	 299
	 98	-128	 484
	-63	-185	-549
	 76	 385	 147
	 116	-21	 573
	 10	-10	 156
	 242	-276	 125
	 447	 32	 365
	 9	-414	 707
	 146	-58	-552
	 21	 459	 503
	 58	-58	 747
	-6	-194	 310
	 90	-127	 503
	-62	-184	-560
	 72	 389	 162
	 119	-34	 590
	 16	-13	 173
	 231	-276	 128
	 441	 9	 361
	 13	-410	 698
	 142	-59	-550
	 10	 463	 491
	 51	-77	 761
	-12	-203	 318
	 88	-134	 505
	-41	-183	-552
	 69	 387	 152
	 108	-35	 570
	 6	 4	 154
	 233	-278	 126
	 437	 31	 375
	 16	-413	 701
	 137	-55	-558
	 15	 455	 493
	 64	-71	 740
	-7	-194	 321
	 94	-123	 505
	-55	-174	-576
	 69	 389	 164
	 108	-20	 587
	 11	-14	 166
	 245	-270	 129
	 455	 7	 368
	 11	-414	 697
	 153	-60	-544
	 20	 460	 493
	 58	-71	 738
	 2	-184	 302
	 92	-131	 507
	-60	-173	-575
	 64	 388	 165
	 119	-15	 576
	 0	-13	 170
	 229	-280	 134
	 442	 16	 386
	 1	-404	 699
	 152	-62	-554
	 19	 462	 485
	 63	-69	 733
	-18	-204	 299
	 99	-126	 495
	-57	-167	-570
	 81	 378	 154
	 125	-30	 578
	 9	-11	 184
	 233	-286	 124
	 440	 7	 370
	 8	-392	 696
	 149	-52	-544
	 11	 452	 480
	 58	-75	 749
	-4	-197	 309
	 100	-127	 505
	-52	-174	-543
	 67	 401	 148
	 111	-27	 578
	 6	-6	 177
	 232	-268	 123
	 436	 3	 365
	 9	-413	 691
	 148	-57	-559
	 17	 456	 503
	 51	-63	 733
	-4	-193	 289
	 85	-123	 504
	-42	-172	-554
	 64	 390	 159
	 108	-22	 582
	 9	-13	 181
	 239	-276	 128
	 452	 14	 376
	 11	-414	 700
	 143	-59	-546
	 10	 470	 486
	 60	-71	 747
	 6	-191	 284
	 91	-117	 488
	-57	-177	-555
	 70	 396	 164
	 118	-31	 574
	 7	-11	 168
	 242	-270	 156
	 444	 23	 372
	 3	-407	 699
	 147	-46	-548
	 12	 469	 490
	 58	-69	 751
	-6	-195	 302
	 87	-123	 489
	-65	-178	-570
	 70	 402	 155
	 111	-30	 577
	 5	-6	 166
	 236	-282	 132
	 439	 13	 358
	 10	-411	 697
	 140	-66	-550
	 18	 465	 514
	 53	-72	 746
	-11	-206	 313
	 77	-122	 496
	-53	-169	-592
	 65	 397	 154
	 110	-32	 578
	 5	-15	 166
	 238	-270	 130
	 446	 21	 384
	 4	-417	 696
	 138	-59	-546
	 13	 454	 518
	 58	-69	 740
	-5	-195	 308
	 97	-128	 498
	-47	-170	-580
	 80	 391	 162
	 114	-31	 572
	 8	 0	 182
	 240	-271	 128
	 446	 15	 371
	 9	-403	 702
	 135	-75	-551
	 20	 461	 488
	 51	-62	 744
	-9	-206	 316
	 87	-118	 501
	-47	-175	-578
	 79	 387	 167
	 113	-30	 578
	 12	-4	 168
	 235	-275	 129
	 448	 14	 367
	 1	-408	 690
	 143	-51	-539
	-1	 453	 499
	 60	-74	 738
	-11	-194	 318
	 88	-118	 492
	-61	-162	-568
	 63	 394	 152
	 115	-42	 589
	 12	-1	 158
	 238	-272	 144
	 454	 15	 366
	 1	-406	 698
	 134	-65	-559
	 22	 465	 497
	 64	-58	 738
	-10	-195	 311
	 87	-128	 501
	-64	-172	-576
	 78	 392	 149
	 112	-23	 571
	 10	 0	 177
	 235	-284	 116
	 448	 13	 376
	 1	-415	 685
	 139	-46	-551
	 13	 457	 484
	 49	-68	 751
	-4	-193	 311
	 88	-115	 492
	-52	-177	-574
	 65	 395	 157
	 109	-29	 569
	 1	-9	 171
	 241	-285	 142
	 444	 16	 370
	 12	-403	 698
	 147	-51	-555
	 18	 455	 473
	 52	-65	 730
	-4	-192	 308
	 89	-130	 493
	-67	-171	-570
	 73	 402	 165
	 106	-32	 580
	 15	-11	 169
	 232	-278	 144
	 442	 24	 381
	 13	-406	 690
	 143	-59	-557
	 18	 457	 497
	 56	-71	 735
	-5	-190	 311
	 93	-129	 498
	-50	-179	-566
	 60	 400	 155
	 111	-28	 564
	 15	-2	 157
	 239	-280	 132
	 450	 9	 368
	 12	-412	 690
	 147	-44	-553
	 13	 468	 490
	 45	-69	 743
	-18	-194	 294
	 99	-126	 490
	-63	-175	-552
	 64	 396	 153
	 103	-27	 563
	 14	-10	 167
	 239	-268	 129
	 453	 16	 370
	 14	-400	 699
	 143	-44	-543
	 14	 459	 505
	 54	-74	 762
	-10	-198	 307
	 89	-129	 502
	-56	-183	-565
	 69	 392	 166
	 124	-23	 573
	 6	 1	 166
	 235	-280	 121
	 442	 16	 385
	 8	-407	 694
	 140	-45	-530
	 18	 455	 498
	 50	-73	 733
	-5	-200	 299
	 94	-129	 498
	-54	-169	-560
	 69	 387	 161
	 120	-22	 564
	 11	-1	 177
	 228	-279	 142
	 451	 7	 382
	 9	-418	 697
	 140	-58	-555
	 12	 464	 506
	 56	-78	 740
	-6	-193	 313
	 94	-125	 497
	-56	-170	-556
	 69	 391	 164
	 111	-26	 590
	 13	 1	 159
	 238	-286	 135
	 447	 16	 388
	 10	-419	 704
	 144	-55	-548
	 8	 459	 503
	 56	-56	 751
	 1	-195	 307
	 92	-117	 497
	-57	-177	-572
	 69	 390	 154
	 112	-35	 572
	 12	-9	 165
	 241	-274	 133
	 447	 23	 362
	 12	-403	 691
	 142	-57	-551
	 16	 471	 496
	 54	-67	 738
	-7	-195	 310
	 109	-125	 497
	-61	-171	-571
	 71	 389	 157
	 115	-38	 552
	 8	-9	 160
	 231	-279	 112
	 445	 14	 363
	 9	-406	 697
	 141	-44	-531
	 16	 468	 480
	 63	-61	 738
	-5	-192	 309
	 92	-118	 497
	-62	-176	-559
	 73	 385	 169
	 108	-41	 577
	 20	-8	 176
	 241	-269	 147
	 443	 18	 406
	 8	-407	 693
	 145	-50	-555
	 13	 454	 488
	 66	-64	 734
	-12	-197	 324
	 90	-113	 490
	-56	-167	-555
	 75	 390	 161
	 101	-46	 585
	 18	-9	 180
	 250	-273	 153
	 430	 15	 366
	 11	-409	 697
	 146	-62	-542
	 16	 458	 502
	 56	-89	 757
	-9	-192	 307
	 97	-136	 501
	-55	-178	-573
	 70	 383	 166
	 109	-28	 565
	 21	-10	 173
	 235	-287	 140
	 446	 14	 372
	 9	-413	 687
	 142	-61	-542
	 15	 467	 490
	 54	-75	 726
	 3	-206	 309
	 84	-128	 502
	-59	-179	-568
	 77	 388	 159
	 117	-25	 568
	 3	-2	 178
	 236	-274	 120
	 451	 19	 370
	 12	-416	 696
	 142	-55	-554
	 14	 465	 498
	 48	-72	 730
	-2	-204	 302
	 93	-125	 498
	-49	-171	-581
	 77	 385	 161
	 113	-29	 590
	 11	 3	 174
	 244	-270	 114
	 440	 19	 379
	 0	-402	 678
	 139	-63	-550
	 7	 453	 513
	 59	-57	 745
	-11	-196	 306
	 88	-119	 499
	-50	-170	-564
	 69	 394	 157
	 109	-34	 576
	 2	-1	 167
	 236	-269	 141
	 435	 22	 361
	 12	-413	 695
	 132	-51	-562
	 11	 451	 496
	 59	-71	 747
	 0	-193	 298
	 80	-121	 497
	-51	-180	-561
	 76	 392	 146
	 112	-30	 557
	 13	-8	 172
	 241	-272	 117
	 449	 7	 373
	 6	-410	 697
	 144	-57	-553
	 18	 458	 492
	 55	-76	 742
	-4	-191	 287
	 85	-120	 506
	-62	-177	-549
	 75	 394	 157
	 110	-18	 584
	 6	-10	 165
	 242	-284	 126
	 442	 17	 364
	 12	-396	 687
	 141	-67	-545
	 9	 462	 498
	 50	-67	 747
	-2	-209	 278
	 94	-129	 498
	-39	-186	-573
	 67	 396	 149
	 121	-40	 559
	 9	-1	 179
	 234	-273	 114
	 441	 26	 359
	 11	-411	 696
	 139	-60	-555
	 28	 476	 501
	 52	-75	 742
	-8	-197	 314
	 93	-122	 502
	-63	-176	-563
	 67	 394	 155
	 109	-34	 580
	 9	-10	 153
	 246	-282	 108
	 448	 23	 363
	 10	-417	 696
	 144	-58	-551
	 20	 459	 500
	 65	-68	 739
	-11	-188	 298
	 92	-118	 508
	-58	-178	-577
	 70	 389	 163
	 103	-28	 563
	 10	-3	 180
	 238	-263	 149
	 443	 11	 381
	 15	-398	 700
	 136	-50	-545
	 13	 465	 492
	 50	-67	 759
	-11	-199	 276
	 89	-125	 498
	-59	-179	-568
	 73	 386	 159
	 107	-38	 573
	-3	-9	 174
	 228	-276	 139
	 439	 27	 369
	 2	-410	 700
	 141	-59	-559
	 21	 459	 496
	 54	-66	 740
	-7	-193	 316
	 85	-129	 501
	-55	-188	-569
	 62	 392	 159
	 117	-25	 577
	 3	-7	 171
	 235	-275	 128
	 446	 13	 364
	 0	-409	 705
	 148	-56	-549
	 14	 465	 496
	 48	-67	 743
	-8	-196	 294
	 93	-135	 504
	-59	-179	-580
	 67	 383	 169
	 109	-32	 578
	 14	-5	 166
	 236	-279	 136
	 445	 8	 368
	 13	-409	 717
	 153	-66	-555
	 18	 465	 503
	 55	-73	 762
	-13	-191	 315
	 95	-120	 490
	-53	-180	-576
	 67	 392	 159
	 117	-32	 576
	 11	-3	 173
	 235	-271	 130
	 437	 24	 388
	 10	-409	 697
	 145	-55	-542
	 21	 464	 473
	 62	-64	 734
	-6	-194	 304
	 93	-117	 494
	-48	-177	-575
	 75	 389	 151
	 112	-30	 574
	 8	 2	 172
	 240	-273	 149
	 439	 24	 372
	 3	-407	 693
	 156	-61	-563
	 16	 475	 499
	 51	-69	 744
	-7	-192	 316
	 104	-122	 502
	-58	-176	-593
	 70	 391	 164
	 119	-19	 570
	 11	-4	 170
	 236	-278	 136
	 439	 21	 369
	 0	-412	 694
	 146	-53	-546
	 12	 450	 491
	 56	-68	 726
	-1	-197	 290
	 95	-125	 494
	-52	-167	-580
	 73	 395	 160
	 114	-27	 575
	 14	-4	 174
	 231	-278	 133
	 443	 11	 393
	 9	-416	 695
	 140	-53	-558
	 9	 467	 497
	 56	-64	 728
	-14	-191	 301
	 92	-115	 506
	-47	-172	-578
	 72	 385	 161
	 115	-31	 583
	 6	-20	 170
	 243	-274	 123
	 445	 14	 385
	 3	-421	 698
	 138	-61	-546
	 17	 463	 494
	 58	-66	 733
	-1	-186	 293
	 88	-110	 505
	-56	-175	-565
	 71	 392	 176
	 112	-32	 564
	 2	-16	 174
	 237	-271	 143
	 438	 24	 360
	 7	-412	 690
	 148	-48	-538
	 22	 457	 488
	 55	-66	 731
	-11	-194	 311
	 90	-127	 508
	-58	-177	-566
	 73	 395	 160
	 116	-27	 568
	 14	-13	 154
	 240	-271	 148
	 445	 11	 364
	 15	-413	 698
	 141	-52	-522
	 21	 464	 498
	 56	-74	 749
	 3	-205	 299
	 78	-121	 513
	-57	-176	-571
	 80	 392	 150
	 113	-37	 588
	 3	-5	 163
	 231	-281	 124
	 434	 17	 368
	 14	-402	 682
	 130	-58	-542
	 24	 461	 502
	 58	-64	 751
	-5	-187	 309
	 99	-130	 498
	-52	-166	-573
	 69	 393	 150
	 108	-28	 567
	 7	 0	 160
	 241	-273	 137
	 456	 27	 361
	 2	-419	 701
	 147	-57	-545
	 17	 455	 486
	 59	-73	 755
	-12	-194	 317
	 94	-117	 498
	-46	-168	-560
	 76	 384	 163
	 116	-34	 577
	 15	 1	 191
	 236	-270	 135
	 443	 26	 363
	 7	-402	 702
	 146	-56	-543
	 6	 469	 490
	 47	-68	 750
	-12	-193	 317
	 96	-119	 495
	-52	-173	-578
	 77	 381	 152
	 119	-27	 568
	 8	-4	 186
	 239	-275	 147
	 443	 14	 364
	 5	-406	 694
	 144	-60	-534
	 15	 463	 494
	 62	-63	 763
	-7	-193	 304
	 84	-120	 495
	-50	-177	-563
	 66	 393	 145
	 116	-37	 573
	 4	-15	 177
	 242	-273	 126
	 438	 15	 360
	 13	-410	 684
	 145	-59	-559
	 15	 473	 497
	 52	-72	 741
	-13	-207	 322
	 85	-126	 517
	-56	-175	-564
	 73	 388	 145
	 112	-32	 576
	 7	-3	 172
	 240	-280	 135
	 438	 11	 371
	 2	-407	 684
	 148	-54	-549
	 11	 470	 503
	 49	-57	 771
	-5	-194	 297
	 84	-127	 505
	-53	-183	-570
	 67	 384	 149
	 112	-37	 572
	 8	 0	 175
	 240	-284	 134
	 445	 14	 372
	 7	-411	 684
	 155	-54	-558
	 20	 464	 504
	 56	-74	 744
	 0	-192	 302
	 89	-118	 508
	-63	-179	-553
	 74	 383	 158
	 123	-27	 571
	 18	-11	 170
	 236	-272	 122
	 445	 14	 375
	 8	-416	 704
	 141	-64	-538
	 18	 452	 496
	 39	-65	 746
	-15	-202	 301
	 103	-126	 527
	-50	-170	-561
	 75	 385	 172
	 123	-31	 585
	 14	-8	 172
	 242	-276	 132
	 445	 16	 371
	 17	-413	 694
	 139	-57	-553
	 20	 462	 497
	 48	-67	 739
	-4	-190	 303
	 91	-128	 489
	-61	-169	-557
	 74	 391	 169
	 112	-36	 557
	 3	-5	 161
	 233	-276	 127
	 433	 12	 369
	 11	-406	 715
	 136	-60	-546
	 9	 472	 505
	 62	-67	 748
	-9	-186	 304
	 92	-127	 495
	-54	-177	-575
	 69	 396	 167
	 125	-18	 580
	 5	-6	 169
	 226	-285	 124
	 436	 13	 361
	 17	-409	 693
	 143	-48	-562
	 14	 467	 501
	 66	-70	 758
	 0	-202	 314
	 94	-136	 491
	-47	-175	-564
	 65	 395	 168
	 113	-36	 565
	 0	-11	 174
	 236	-266	 147
	 452	 9	 372
	 14	-410	 696
	 146	-62	-564
	 14	 465	 518
	 53	-78	 749
	-2	-198	 306
	 86	-118	 492
	-56	-179	-568
	 76	 390	 160
	 118	-30	 551
	 4	-8	 172
	 246	-282	 123
	 442	 18	 375
	 6	-415	 695
	 142	-59	-544
	 20	 455	 506
	 50	-69	 726
	-11	-200	 305
	 90	-120	 502
	-54	-169	-577
	 74	 397	 167
	 107	-13	 560
	 14	-12	 182
	 230	-277	 124
	 440	 14	 355
	 12	-402	 700
	 140	-57	-547
	 15	 457	 491
	 49	-63	 763
	-1	-197	 309
	 93	-121	 501
	-56	-175	-569
	 69	 401	 160
	 113	-29	 568
	 0	 2	 176
	 243	-287	 114
	 440	 16	 361
	 11	-424	 694
	 141	-58	-535
	 13	 458	 493
	 57	-57	 732
	-1	-205	 296
	 93	-129	 492
	-56	-180	-578
	 66	 390	 145
	 118	-34	 570
	 5	 0	 155
	 246	-267	 122
	 447	 17	 378
	 4	-402	 689
	 141	-53	-557
	 21	 464	 485
	 56	-68	 749
	-6	-198	 314
	 90	-132	 491
	-58	-175	-566
	 73	 387	 147
	 111	-28	 575
	 10	-16	 159
	 246	-276	 136
	 447	 15	 370
	 16	-407	 695
	 147	-52	-538
	 19	 465	 503
	 54	-66	 717
	-4	-197	 301
	 86	-127	 510
	-59	-173	-586
	 75	 395	 154
	 116	-32	 567
	 1	-1	 163
	 236	-282	 143
	 451	 18	 380
	 13	-404	 701
	 141	-51	-542
	 14	 457	 486
	 55	-74	 748
	-1	-188	 280
	 91	-122	 498
	-61	-185	-580
	 76	 385	 159
	 116	-29	 574
	 5	 0	 171
	 241	-272	 114
	 442	 19	 377
	 4	-404	 687
	 144	-54	-550
	 20	 454	 505
	 40	-65	 743
	-5	-195	 303
	 91	-121	 486
	-58	-159	-556
	 70	 393	 169
	 119	-26	 560
	 6	-11	 166
	 236	-275	 134
	 433	 16	 391
	 5	-416	 688
	 144	-57	-545
	 11	 453	 493
	 52	-68	 737
	 3	-194	 298
	 90	-131	 497
	-54	-167	-566
	 72	 391	 173
	 114	-34	 593
	 12	-2	 169
	 228	-275	 148
	 445	 13	 371
	 6	-408	 695
	 145	-57	-539
	 18	 469	 494
	 51	-78	 742
	 0	-200	 319
	 100	-122	 507
	-50	-175	-600
	 68	 385	 161
	 105	-33	 577
	 8	-10	 169
	 233	-275	 147
	 436	 14	 376
	 0	-415	 710
	 149	-53	-560
	 17	 463	 478
	 60	-69	 751
	 0	-202	 311
	 97	-126	 498
	-51	-163	-576
	 78	 391	 138
	 115	-28	 580
	 14	-6	 178
	 244	-274	 127
	 449	 19	 376
	 11	-403	 701
	 144	-53	-559
	 18	 466	 494
	 47	-68	 741
	-7	-205	 300
	 93	-123	 490
	-54	-183	-573
	 70	 391	 160
	 104	-35	 574
	 5	 8	 167
	 233	-284	 139
	 447	 14	 370
	 13	-407	 685
	 153	-47	-558
	 10	 457	 513
	 50	-80	 754
	-8	-191	 306
	 87	-116	 500
	-51	-161	-572
	 72	 400	 165
	 112	-34	 586
	-2	-4	 161
	 241	-269	 131
	 446	 20	 375
	 14	-409	 690
	 144	-56	-539
	 22	 461	 500
	 49	-65	 736
	-3	-196	 319
	 95	-118	 520
	-63	-173	-580
	 69	 385	 150
	 106	-39	 570
	 11	-3	 185
	 241	-279	 122
	 444	 24	 364
	 21	-408	 702
	 144	-57	-563
	 10	 466	 513
	 49	-63	 752
	-5	-196	 321
	 86	-127	 490
	-55	-173	-574
	 59	 397	 137
	 114	-34	 576
	 6	-9	 187
	 240	-274	 140
	 450	 19	 370
	 13	-399	 689
	 139	-60	-538
	 14	 463	 493
	 50	-66	 742
	-11	-204	 303
	 83	-136	 495
	-63	-167	-582
	 67	 397	 155
	 113	-35	 573
	 9	 2	 191
	 226	-279	 133
	 443	 9	 366
	 14	-406	 685
	 141	-62	-550
	 18	 466	 507
	 65	-67	 742
	-7	-190	 301
	 93	-122	 498
	-48	-179	-560
	 71	 383	 154
	 111	-37	 585
	 14	 0	 191
	 237	-268	 131
	 440	 24	 365
	 5	-405	 692
	 138	-73	-540
	 9	 458	 507
	 52	-71	 757
	-7	-194	 298
	 85	-125	 512
	-54	-165	-562
	 62	 390	 166
	 117	-32	 580
	 12	-4	 149
	 230	-282	 142
	 435	 16	 383
	 11	-412	 691
	 142	-56	-554
	 18	 465	 500
	 49	-68	 733
	-12	-195	 307
	 96	-126	 496
	-56	-175	-578
	 68	 391	 157
	 113	-31	 565
	 4	-11	 166
	 246	-273	 142
	 450	 14	 372
	-3	-408	 691
	 138	-58	-544
	 11	 464	 508
	 55	-68	 737
	-12	-201	 306
	 98	-121	 511
	-49	-175	-561
	 68	 391	 161
	 109	-31	 575
	 8	-7	 178
	 236	-268	 116
	 442	 12	 368
	 0	-415	 687
	 140	-51	-558
	 13	 478	 501
	 52	-69	 750
	 0	-199	 302
	 83	-128	 509
	-53	-175	-567
	 69	 400	 143
	 110	-23	 585
	 4	-6	 164
	 243	-277	 123
	 444	 14	 363
	 4	-408	 692
	 140	-61	-554
	 9	 460	 500
	 57	-69	 738
	 0	-198	 291
	 96	-120	 505
	-64	-180	-561
	 63	 390	 147
	 113	-29	 570
	 5	-16	 182
	 240	-272	 127
	 451	 21	 372
	 8	-408	 694
	 135	-66	-542
	 3	 467	 499
	 58	-68	 742
	-13	-194	 303
	 85	-129	 508
	-54	-172	-570
	 78	 385	 179
	 111	-21	 578
	 6	-7	 173
	 236	-278	 114
	 432	 17	 378
	 7	-398	 690
	 148	-70	-548
	 22	 470	 497
	 57	-73	 733
	-14	-200	 288
	 93	-116	 513
	-56	-175	-558
	 70	 394	 159
	 120	-34	 577
	-1	 0	 167
	 242	-277	 131
	 452	 22	 371
	 8	-402	 693
	 148	-56	-551
	 15	 464	 486
	 60	-66	 741
	-8	-196	 305
	 84	-114	 520
	-49	-178	-571
	 72	 388	 167
	 107	-34	 571
	 5	-15	 172
	 230	-276	 127
	 446	 23	 393
	-6	-404	 690
	 153	-56	-549
	 12	 460	 501
	 50	-69	 732
	-12	-200	 294
	 85	-118	 503
	-47	-176	-568
	 65	 391	 159
	 112	-32	 578
	 2	-14	 162
	 235	-277	 131
	 445	 17	 378
	 18	-407	 691
	 150	-59	-531
	 21	 461	 506
	 46	-65	 742
	 4	-188	 302
	 96	-126	 490
	-50	-170	-559
	 72	 400	 159
	 103	-20	 567
	 17	-10	 168
	 235	-278	 135
	 448	 12	 348
	 15	-407	 687
	 136	-61	-559
	 12	 461	 497
	 54	-64	 734
	 6	-187	 298
	 96	-118	 497
	-51	-183	-559
	 75	 396	 164
	 107	-35	 589
	 0	-7	 190
	 242	-274	 131
	 438	 19	 364
	 11	-412	 690
	 151	-60	-540
	 14	 458	 482
	 53	-64	 739
	 0	-201	 314
	 97	-128	 503
	-54	-182	-563
	 70	 395	 159
	 100	-20	 582
	 17	-3	 154
	 246	-282	 139
	 452	 23	 384
	-2	-411	 705
	 136	-60	-541
	 20	 455	 495
	 58	-53	 736
	 0	-193	 299
	 94	-122	 510
	-48	-175	-548
	 72	 385	 153
	 110	-43	 587
	 8	-11	 179
	 237	-272	 117
	 441	 29	 376
	 18	-404	 700
	 152	-58	-550
	 19	 466	 491
	 49	-72	 751
	-11	-193	 317
	 88	-117	 502
	-57	-176	-581
	 80	 389	 155
	 117	-24	 597
	 4	-3	 168
	 232	-270	 137
	 447	 13	 372
	 17	-402	 694
	 148	-57	-551
	 17	 464	 495
	 57	-73	 751
	-1	-191	 295
	 92	-124	 508
	-58	-182	-575
	 75	 389	 166
	 109	-31	 579
	 8	 1	 168
	 241	-272	 146
	 455	 19	 370
	 12	-408	 689
	 149	-67	-556
	 22	 456	 490
	 53	-69	 733
	 0	-192	 297
	 85	-132	 505
	-58	-176	-579
	 77	 384	 159
	 116	-20	 598
	 3	-4	 171
	 225	-274	 121
	 443	 16	 375
	-5	-411	 695
	 148	-55	-551
	 16	 464	 486
	 62	-61	 747
	 0	-203	 312
	 84	-127	 501
	-57	-161	-577
	 71	 389	 164
	 113	-26	 573
	 12	-7	 154
	 241	-280	 140
	 443	 17	 366
	 11	-404	 710
	 143	-59	-558
	 21	 465	 501
	 59	-67	 739
	-12	-195	 307
	 96	-108	 510
	-55	-178	-563
	 75	 393	 154
	 103	-24	 573
	 10	-4	 168
	 240	-281	 127
	 429	 24	 357
	 4	-405	 704
	 137	-55	-539
	 22	 447	 495
	 59	-69	 743
	 0	-200	 302
	 88	-121	 498
	-59	-172	-572
	 69	 398	 164
	 114	-32	 584
	 15	-7	 160
	 233	-276	 105
	 450	 14	 359
	 15	-409	 688
	 147	-63	-550
	 16	 465	 513
	 55	-63	 759
	-6	-201	 316
	 76	-128	 489
	-54	-182	-570
	 84	 393	 169
	 107	-34	 568
	 0	-13	 174
	 243	-271	 131
	 444	 14	 370
	 2	-402	 698
	 146	-49	-546
	 13	 454	 480
	 59	-84	 753
	-9	-190	 324
	 94	-116	 497
	-55	-174	-563
	 74	 383	 166
	 118	-22	 577
	 7	-14	 159
	 242	-279	 131
	 444	 18	 368
	 3	-410	 712
	 143	-49	-554
	 21	 451	 485
	 46	-66	 756
	-11	-189	 313
	 93	-116	 496
	-62	-191	-543
	 74	 390	 162
	 99	-30	 561
	 7	-13	 158
	 243	-263	 124
	 447	 22	 372
	 0	-411	 690
	 144	-62	-553
	 14	 462	 504
	 50	-69	 742
	 0	-197	 298
	 91	-121	 505
	-66	-170	-587
	 73	 393	 176
	 113	-35	 599
	 7	-5	 189
	 226	-277	 131
	 443	 17	 380
	-3	-404	 692
	 152	-55	-536
	 20	 466	 504
	 64	-59	 729
	-7	-192	 305
	 93	-130	 501
	-56	-182	-569
	 75	 390	 164
	 108	-22	 571
	 9	-12	 176
	 238	-277	 145
	 437	 17	 369
	 13	-405	 685
	 137	-55	-548
	 27	 465	 493
	 53	-80	 755
	-9	-194	 311
	 91	-118	 487
	-51	-178	-578
	 63	 391	 161
	 112	-38	 558
	 14	-8	 178
	 237	-279	 126
	 441	 20	 362
	 0	-413	 693
	 152	-58	-542
	 8	 462	 513
	 60	-74	 755
	-6	-202	 307
	 95	-120	 485
	-45	-177	-578
	 76	 397	 149
	 106	-36	 574
	 0	-3	 160
	 232	-266	 119
	 439	 17	 370
	 4	-418	 692
	 150	-62	-543
	 21	 467	 508
	 50	-63	 749
	-5	-197	 305
	 84	-129	 494
	-55	-165	-560
	 66	 396	 138
	 105	-33	 591
	 8	-10	 154
	 242	-267	 142
	 442	 12	 358
	 9	-407	 713
	 135	-61	-544
	 21	 452	 488
	 47	-55	 754
	-5	-195	 306
	 96	-127	 497
	-54	-179	-548
	 68	 398	 153
	 113	-35	 577
	 6	-5	 182
	 225	-270	 129
	 445	 15	 374
	 12	-401	 716
	 134	-56	-559
	 12	 459	 495
	 49	-70	 719
	-7	-189	 288
	 100	-119	 502
	-50	-179	-558
	 77	 397	 154
	 114	-34	 582
	 5	-13	 168
	 232	-267	 137
	 438	 11	 362
	 16	-414	 689
	 138	-59	-553
	 9	 460	 500
	 58	-61	 737
	 0	-197	 301
	 88	-121	 480
	-48	-168	-566
	 73	 390	 154
	 105	-32	 593
	 2	-14	 182
	 233	-279	 123
	 449	 7	 360
	-3	-393	 685
	 143	-54	-536
	 31	 462	 491
	 52	-67	 744
	 1	-196	 298
	 83	-115	 487
	-56	-167	-583
	 75	 393	 164
	 106	-38	 575
	 10	-1	 187
	 234	-275	 123
	 438	 18	 356
	 18	-406	 712
	 144	-53	-543
	 26	 467	 505
	 58	-63	 736
	 0	-202	 301
	 85	-125	 480
	-37	-181	-584
	 67	 384	 144
	 115	-39	 567
	 18	 6	 160
	 227	-268	 142
	 445	 20	 368
	 10	-400	 687
	 135	-54	-549
	 17	 467	 501
	 52	-72	 739
	-13	-193	 315
	 98	-123	 503
	-58	-174	-566
	 72	 389	 154
	 121	-22	 574
	 2	-5	 161
	 234	-264	 125
	 439	 18	 373
	 2	-417	 694
	 136	-55	-544
