X	Y	Z
 329	 84	 585
-121	-413	 881
 12	-47	-298
-70	 485	 580
-32	-69	 866
-99	-153	 414
 9	-129	 643
-143	-162	-460
 9	 377	 296
 7	-29	 720
-63	 40	 311
 117	-242	 292
 334	 95	 607
-113	-410	 873
 17	-53	-290
-79	 485	 582
-27	-76	 844
-82	-147	 416
 11	-121	 624
-133	-165	-448
 9	 367	 304
 8	-33	 700
-70	 43	 292
 109	-245	 293
 325	 94	 598
-123	-411	 883
 12	-48	-298
-80	 497	 578
-33	-68	 853
-108	-146	 412
 24	-120	 646
-146	-156	-447
 10	 373	 305
 28	-31	 725
-52	 42	 304
 120	-244	 300
 336	 89	 608
-114	-407	 884
 21	-34	-268
-73	 486	 572
-37	-79	 847
-101	-151	 411
 13	-117	 635
-134	-157	-450
 7	 375	 296
 14	-31	 704
-66	 38	 317
 118	-255	 306
 323	 79	 590
-120	-417	 897
 7	-56	-279
-71	 497	 571
-28	-74	 840
-106	-141	 403
 24	-132	 624
-137	-158	-441
 4	 375	 302
 14	-34	 718
-67	 41	 316
 109	-256	 299
 336	 92	 597
-110	-417	 878
 18	-47	-289
-71	 496	 566
-23	-74	 842
-93	-154	 428
 9	-126	 648
-148	-165	-432
 6	 371	 290
 12	-34	 718
-58	 38	 320
 114	-252	 290
 332	 96	 598
-119	-409	 889
 19	-43	-291
-72	 489	 561
-31	-84	 855
-95	-145	 403
 14	-125	 630
-157	-164	-436
 4	 384	 284
 5	-38	 715
-65	 41	 308
 104	-241	 288
 331	 91	 619
-119	-411	 891
 22	-53	-282
-74	 490	 570
-21	-80	 857
-98	-151	 408
 19	-120	 632
-134	-169	-440
 13	 367	 294
 19	-37	 712
-67	 43	 316
 113	-250	 300
 330	 91	 598
-123	-405	 904
 22	-47	-272
-67	 486	 566
-27	-79	 847
-92	-147	 406
 11	-120	 635
-135	-166	-446
 14	 375	 307
 12	-34	 711
-65	 30	 306
 102	-257	 305
 333	 99	 607
-112	-402	 885
 18	-49	-291
-81	 496	 574
-35	-82	 851
-98	-147	 412
 13	-124	 649
-145	-165	-455
 6	 386	 305
 15	-33	 689
-55	 33	 318
 115	-256	 306
 334	 89	 592
-118	-402	 883
 10	-58	-281
-73	 501	 561
-35	-68	 845
-103	-134	 428
 18	-122	 628
-143	-158	-452
 9	 381	 289
 12	-16	 713
-60	 37	 333
 104	-252	 294
 336	 90	 602
-124	-416	 894
 26	-48	-295
-72	 486	 571
-26	-69	 858
-100	-152	 430
 12	-120	 642
-137	-174	-448
 8	 377	 297
 13	-35	 718
-70	 40	 311
 111	-246	 293
 337	 90	 589
-115	-418	 888
 27	-55	-289
-77	 496	 559
-25	-74	 833
-84	-142	 402
 16	-116	 639
-138	-179	-440
 1	 381	 289
 5	-27	 709
-65	 47	 295
 114	-253	 288
 326	 89	 592
-121	-412	 889
 15	-44	-278
-63	 484	 575
-28	-69	 845
-103	-146	 418
 5	-121	 627
-143	-173	-454
 20	 379	 303
 13	-19	 725
-62	 28	 311
 117	-241	 299
 342	 86	 591
-124	-417	 872
 15	-45	-291
-78	 499	 572
-32	-67	 864
-92	-132	 402
 18	-122	 632
-142	-165	-426
 2	 373	 301
 11	-41	 712
-71	 47	 294
 102	-247	 300
 338	 90	 597
-119	-411	 894
 20	-59	-282
-72	 487	 553
-37	-66	 849
-96	-146	 402
 20	-126	 633
-138	-170	-453
 12	 378	 299
 18	-38	 703
-71	 43	 300
 112	-253	 296
 333	 94	 601
-115	-409	 886
 21	-49	-287
-72	 485	 562
-28	-79	 842
-101	-141	 404
 12	-128	 623
-142	-169	-440
 15	 388	 276
 19	-39	 707
-63	 36	 307
 115	-251	 287
 333	 96	 594
-112	-407	 891
 18	-47	-288
-83	 486	 570
-28	-71	 849
-102	-145	 415
 19	-117	 619
-132	-154	-456
 11	 378	 292
 13	-28	 722
-61	 33	 307
 117	-250	 296
 334	 89	 605
-126	-411	 894
 32	-48	-293
-76	 489	 574
-26	-85	 859
-94	-152	 413
 14	-118	 634
-131	-163	-444
 1	 367	 301
 14	-27	 698
-62	 43	 314
 110	-248	 310
 329	 84	 595
-116	-414	 870
 21	-50	-276
-69	 487	 554
-23	-79	 858
-98	-138	 399
 7	-116	 644
-132	-171	-450
 10	 375	 308
 25	-36	 708
-58	 55	 324
 114	-252	 309
 326	 94	 590
-118	-416	 884
 9	-53	-290
-76	 487	 564
-24	-69	 841
-104	-153	 423
 7	-118	 630
-132	-170	-450
 0	 385	 296
 14	-34	 723
-67	 46	 303
 113	-248	 308
 335	 88	 595
-122	-409	 876
 28	-49	-280
-78	 492	 579
-31	-69	 856
-97	-154	 423
 10	-130	 648
-139	-168	-452
 14	 375	 281
 25	-31	 727
-63	 44	 312
 118	-248	 296
 337	 93	 581
-114	-413	 890
 12	-54	-273
-73	 497	 580
-33	-87	 848
-98	-138	 410
 19	-127	 633
-139	-166	-446
 11	 375	 293
 18	-36	 725
-63	 45	 305
 121	-240	 297
 334	 90	 600
-126	-416	 878
 19	-42	-271
-68	 494	 576
-23	-81	 857
-99	-142	 405
 22	-120	 627
-161	-168	-433
 1	 367	 294
 18	-37	 712
-59	 27	 307
 129	-254	 294
 337	 96	 604
-129	-406	 894
 17	-50	-292
-72	 495	 575
-31	-73	 843
-94	-153	 404
 14	-122	 647
-140	-161	-441
 5	 367	 311
 10	-20	 699
-71	 42	 312
 110	-242	 299
 335	 91	 610
-112	-418	 884
 19	-45	-288
-72	 496	 564
-23	-73	 860
-101	-145	 416
 12	-133	 626
-142	-167	-438
-1	 378	 309
 20	-24	 706
-56	 37	 314
 120	-235	 301
 332	 97	 595
-118	-417	 888
 19	-46	-272
-72	 500	 546
-41	-75	 848
-94	-155	 418
 7	-116	 623
-136	-173	-434
-2	 393	 292
 21	-34	 708
-52	 48	 307
 113	-240	 291
 337	 88	 573
-118	-401	 874
 26	-54	-279
-84	 487	 579
-40	-67	 855
-100	-160	 394
 20	-115	 627
-135	-173	-448
 9	 370	 298
 9	-30	 709
-60	 22	 308
 111	-248	 298
 330	 93	 583
-115	-419	 877
 12	-53	-272
-57	 485	 574
-31	-68	 853
-84	-147	 408
 15	-114	 633
-150	-170	-460
 1	 377	 295
 10	-28	 717
-66	 42	 304
 106	-246	 298
 330	 89	 592
-127	-418	 883
 21	-61	-277
-76	 491	 578
-25	-74	 859
-98	-145	 408
 13	-118	 635
-133	-171	-453
 3	 374	 285
 24	-43	 718
-62	 37	 285
 121	-250	 297
 330	 86	 605
-113	-417	 882
 23	-47	-293
-68	 490	 565
-28	-75	 873
-99	-144	 412
 13	-109	 627
-137	-168	-452
 10	 385	 292
 18	-33	 708
-62	 40	 309
 113	-242	 300
 323	 81	 615
-123	-411	 889
 24	-47	-291
-71	 494	 585
-39	-77	 844
-92	-147	 388
 16	-124	 625
-145	-165	-430
 0	 383	 285
 11	-32	 726
-63	 43	 306
 113	-238	 291
 334	 91	 575
-122	-413	 889
 16	-54	-283
-82	 498	 571
-21	-71	 855
-92	-150	 406
 21	-114	 642
-140	-169	-461
 1	 379	 291
 13	-32	 710
-61	 37	 301
 113	-247	 306
 326	 89	 599
-122	-411	 893
 9	-41	-294
-78	 503	 579
-25	-65	 852
-104	-151	 425
 12	-116	 642
-141	-171	-428
 6	 381	 303
 18	-31	 711
-75	 43	 299
 102	-251	 307
 330	 91	 581
-113	-417	 894
 25	-40	-277
-78	 490	 568
-26	-72	 859
-96	-140	 409
 11	-129	 647
-138	-156	-459
 1	 372	 299
 10	-36	 729
-61	 42	 301
 116	-246	 316
 328	 97	 602
-127	-416	 881
 26	-50	-270
-76	 493	 563
-30	-74	 858
-95	-144	 406
 14	-113	 620
-138	-162	-441
 0	 371	 288
 17	-46	 724
-70	 48	 294
 118	-249	 324
 333	 94	 589
-118	-411	 897
 15	-45	-288
-80	 489	 572
-27	-74	 851
-100	-142	 405
 16	-125	 624
-149	-170	-441
-5	 376	 301
 11	-33	 713
-57	 37	 319
 118	-243	 306
 343	 88	 583
-114	-414	 886
 32	-45	-284
-76	 493	 563
-22	-76	 849
-99	-146	 408
 11	-114	 630
-147	-159	-435
 8	 368	 312
 14	-25	 708
-65	 48	 316
 110	-245	 304
 331	 91	 589
-113	-409	 904
 19	-43	-285
-87	 489	 568
-28	-68	 861
-97	-143	 408
 8	-123	 623
-144	-162	-453
 9	 373	 311
 23	-32	 720
-59	 29	 290
 113	-250	 314
 339	 90	 583
-127	-414	 864
 9	-44	-293
-76	 497	 584
-34	-68	 859
-89	-143	 402
 19	-126	 620
-137	-167	-439
 8	 372	 311
 17	-30	 722
-62	 43	 322
 113	-251	 291
 339	 94	 590
-111	-421	 880
 16	-41	-290
-83	 502	 563
-22	-74	 855
-97	-145	 402
 10	-128	 632
-146	-165	-453
 13	 368	 315
 16	-30	 707
-66	 41	 291
 107	-247	 297
 323	 102	 581
-123	-408	 875
 16	-44	-301
-67	 490	 576
-29	-80	 855
-100	-144	 417
 10	-122	 628
-147	-161	-453
 10	 376	 299
 11	-32	 715
-59	 40	 313
 111	-247	 301
 324	 89	 590
-119	-407	 893
 13	-45	-287
-78	 489	 573
-23	-71	 844
-92	-148	 407
 20	-127	 641
-135	-167	-441
 2	 371	 305
 11	-35	 714
-60	 39	 297
 120	-249	 299
 333	 81	 591
-123	-409	 886
 22	-51	-288
-65	 489	 578
-31	-77	 846
-94	-142	 399
 16	-123	 636
-151	-171	-443
 6	 373	 297
 9	-34	 718
-65	 41	 297
 111	-248	 301
 333	 95	 597
-122	-417	 892
 18	-49	-285
-77	 497	 551
-25	-81	 847
-102	-146	 408
 6	-125	 638
-148	-159	-450
-3	 374	 303
 17	-36	 701
-53	 34	 311
 113	-241	 297
 331	 96	 593
-118	-418	 892
 11	-42	-274
-72	 493	 593
-37	-78	 834
-91	-140	 420
 25	-116	 632
-143	-165	-436
 4	 373	 296
 14	-40	 698
-74	 42	 297
 112	-245	 301
 333	 91	 588
-109	-411	 882
 22	-57	-277
-74	 485	 570
-29	-66	 851
-100	-143	 397
 10	-124	 626
-147	-157	-444
 5	 383	 310
 13	-31	 719
-70	 46	 342
 105	-250	 284
 330	 94	 561
-118	-413	 881
 15	-44	-274
-81	 494	 554
-20	-81	 857
-92	-136	 408
 23	-117	 612
-151	-170	-432
 10	 384	 291
 7	-26	 713
-56	 46	 316
 117	-249	 301
 325	 85	 592
-114	-413	 882
 9	-46	-291
-75	 492	 573
-28	-72	 855
-96	-144	 418
 12	-120	 615
-145	-164	-438
 18	 373	 298
 5	-34	 704
-61	 35	 301
 115	-254	 306
 330	 97	 593
-114	-414	 888
 20	-47	-281
-68	 496	 572
-30	-84	 844
-95	-148	 435
 10	-116	 640
-134	-164	-437
 11	 380	 296
 19	-28	 709
-63	 48	 306
 114	-253	 304
 330	 89	 589
-120	-413	 888
 20	-42	-285
-74	 503	 576
-28	-85	 844
-94	-144	 387
 27	-115	 627
-139	-163	-439
 0	 381	 307
 7	-33	 716
-62	 39	 310
 113	-245	 307
 330	 90	 604
-126	-412	 894
 15	-37	-268
-81	 498	 570
-26	-57	 862
-88	-143	 404
 13	-125	 624
-141	-171	-450
 16	 380	 302
 23	-37	 719
-68	 36	 311
 115	-243	 295
 332	 93	 599
-118	-411	 875
 17	-37	-282
-72	 497	 570
-32	-77	 843
-100	-152	 423
 17	-111	 652
-141	-162	-453
 6	 381	 275
 21	-35	 713
-54	 39	 291
 112	-246	 289
 326	 88	 595
-114	-415	 899
 23	-41	-279
-73	 487	 599
-21	-67	 842
-98	-146	 409
 10	-121	 623
-137	-174	-429
 4	 381	 286
 17	-31	 716
-57	 56	 313
 122	-245	 291
 331	 92	 596
-117	-422	 891
 22	-48	-286
