X	Y	Z
 1	 497	 491
 18	-65	 763
-18	-170	 319
 72	-134	 551
-72	-221	-536
 57	 329	 231
 77	-87	 624
-8	-23	 226
 202	-266	 234
 446	 43	 528
-25	-405	 797
 185	-71	-347
 6	 500	 490
 34	-67	 779
-11	-184	 314
 71	-134	 559
-64	-232	-527
 66	 326	 207
 78	-72	 617
 5	-22	 228
 198	-261	 225
 447	 27	 525
-23	-399	 804
 179	-59	-364
 9	 503	 500
 25	-82	 777
 2	-182	 331
 72	-136	 568
-77	-224	-524
 67	 329	 215
 62	-89	 640
-3	-24	 235
 188	-266	 224
 448	 29	 521
-19	-412	 812
 177	-66	-363
 7	 488	 511
 33	-75	 790
-14	-172	 336
 71	-142	 565
-70	-226	-544
 69	 323	 220
 70	-69	 606
 3	-21	 215
 193	-260	 215
 447	 47	 510
-5	-411	 825
 192	-62	-354
 17	 496	 505
 29	-66	 776
-1	-183	 308
 71	-140	 559
-83	-225	-516
 74	 320	 219
 68	-74	 625
-3	-20	 238
 191	-273	 212
 447	 40	 510
-18	-408	 829
 192	-68	-344
 7	 492	 492
 28	-73	 781
-4	-176	 314
 74	-135	 573
-85	-224	-509
 59	 322	 234
 74	-86	 628
 0	-14	 241
 200	-265	 208
 441	 35	 526
-9	-404	 807
 182	-65	-347
 4	 498	 528
 31	-71	 773
 1	-179	 318
 71	-139	 575
-75	-229	-551
 61	 324	 231
 72	-77	 617
 2	-23	 239
 189	-263	 220
 443	 46	 517
-19	-408	 824
 171	-76	-353
 8	 497	 494
 32	-76	 773
-1	-174	 338
 63	-151	 566
-70	-227	-525
 58	 332	 229
 86	-76	 619
 9	-17	 253
 182	-270	 222
 443	 33	 518
-8	-415	 813
 179	-66	-348
 8	 492	 496
 33	-76	 789
 7	-174	 324
 62	-138	 551
-70	-224	-534
 69	 335	 222
 66	-77	 612
 6	-6	 240
 201	-264	 230
 451	 42	 535
-8	-400	 813
 190	-71	-366
 3	 498	 488
 25	-77	 755
-3	-174	 319
 81	-138	 560
-70	-225	-532
 56	 319	 241
 67	-74	 619
-8	-24	 229
 198	-263	 214
 454	 42	 505
-14	-414	 829
 178	-73	-349
 12	 494	 496
 37	-83	 785
-4	-183	 321
 73	-131	 573
-71	-222	-542
 67	 322	 221
 63	-82	 618
 0	-27	 223
 198	-250	 227
 449	 31	 527
-11	-415	 812
 180	-73	-354
 4	 489	 506
 33	-71	 780
 6	-173	 322
 76	-144	 559
-65	-223	-533
 61	 325	 222
 76	-82	 625
 5	-18	 224
 180	-267	 207
 443	 38	 505
-14	-410	 811
 179	-66	-350
 6	 502	 494
 31	-77	 780
-8	-187	 294
 71	-148	 560
-75	-226	-525
 58	 327	 204
 60	-82	 620
-7	-16	 226
 190	-263	 209
 451	 43	 512
-16	-416	 813
 185	-67	-356
 21	 505	 503
 22	-77	 791
 0	-171	 317
 74	-134	 583
-73	-220	-533
 60	 336	 221
 71	-86	 628
 0	-18	 239
 192	-262	 203
 449	 36	 538
-12	-407	 809
 177	-68	-367
 3	 495	 494
 38	-74	 780
 0	-172	 308
 72	-121	 567
-71	-229	-556
 64	 328	 218
 63	-80	 629
 13	-22	 222
 194	-263	 206
 442	 28	 517
-17	-416	 820
 181	-68	-364
 3	 491	 489
 37	-67	 782
-6	-166	 317
 75	-140	 543
-66	-224	-518
 65	 327	 217
 74	-81	 647
 3	-14	 230
 188	-271	 227
 448	 38	 508
-16	-408	 813
 175	-66	-354
 10	 493	 494
 33	-71	 777
-5	-179	 320
 76	-148	 563
-77	-233	-524
 61	 331	 219
 81	-76	 625
 7	-26	 232
 187	-269	 223
 443	 49	 515
-8	-405	 821
 182	-60	-345
 14	 500	 494
 32	-76	 770
-11	-184	 302
 70	-143	 558
-71	-224	-508
 62	 336	 220
 71	-73	 631
-6	-19	 220
 191	-261	 220
 448	 43	 509
-20	-400	 808
 181	-52	-360
 0	 493	 490
 26	-73	 778
-2	-180	 319
 75	-143	 564
-79	-223	-518
 63	 328	 214
 73	-71	 650
-2	-19	 239
 200	-268	 206
 442	 29	 508
-24	-408	 808
 168	-64	-336
 9	 506	 491
 28	-73	 770
-16	-173	 323
 80	-145	 573
-74	-230	-540
 65	 324	 218
 80	-75	 628
-12	-21	 228
 192	-265	 227
 459	 34	 510
-22	-400	 819
 174	-65	-360
 15	 487	 490
 28	-83	 768
 2	-173	 319
 87	-142	 574
-58	-225	-516
 62	 336	 210
 59	-90	 642
 14	-8	 225
 200	-263	 219
 447	 43	 520
-13	-416	 815
 178	-71	-366
 9	 511	 500
 24	-76	 774
-2	-179	 309
 68	-149	 574
-61	-221	-528
 60	 339	 213
 70	-69	 646
 4	-19	 220
 202	-263	 215
 451	 42	 507
-14	-406	 812
 192	-62	-351
 7	 500	 491
 18	-69	 782
-14	-173	 328
 78	-134	 583
-65	-224	-531
 59	 331	 208
 75	-73	 628
-6	-20	 233
 195	-266	 215
 448	 37	 519
-27	-411	 812
 181	-77	-358
 0	 496	 487
 33	-76	 770
-13	-176	 317
 64	-138	 558
-70	-227	-538
 65	 322	 218
 70	-93	 639
-1	-20	 232
 200	-266	 221
 446	 37	 521
-13	-414	 803
 175	-66	-348
 9	 496	 507
 43	-67	 763
-14	-182	 311
 78	-141	 573
-56	-211	-536
 61	 337	 215
 71	-73	 633
 2	-11	 241
 199	-264	 203
 455	 43	 522
-14	-407	 819
 177	-67	-363
 7	 493	 527
 26	-79	 787
-10	-179	 311
 82	-145	 565
-61	-224	-543
 65	 332	 205
 70	-86	 632
 2	-24	 230
 179	-260	 232
 447	 37	 526
-15	-414	 818
 179	-60	-348
 15	 497	 510
 34	-77	 783
 1	-177	 308
 71	-141	 560
-72	-228	-513
 73	 334	 227
 56	-75	 630
 2	-12	 222
 192	-266	 217
 444	 26	 504
-9	-420	 829
 188	-59	-358
 4	 493	 495
 33	-69	 774
-11	-181	 308
 67	-135	 549
-68	-230	-531
 56	 325	 234
 64	-80	 628
-6	-29	 240
 196	-263	 210
 466	 40	 509
-20	-402	 819
 175	-71	-346
 5	 494	 504
 45	-83	 768
-14	-179	 324
 75	-143	 575
-69	-228	-536
 67	 324	 194
 65	-75	 647
-1	-15	 213
 189	-266	 221
 447	 32	 520
-17	-417	 814
 187	-72	-352
 12	 503	 496
 34	-76	 769
 6	-169	 321
 78	-142	 569
-75	-227	-545
 63	 327	 236
 72	-85	 632
-8	-20	 227
 189	-272	 218
 445	 51	 528
-7	-417	 802
 169	-72	-373
 10	 505	 503
 28	-70	 770
 0	-186	 310
 80	-139	 565
-63	-218	-545
 62	 326	 210
 76	-78	 637
 9	-15	 230
 189	-264	 216
 448	 29	 502
-15	-407	 803
 179	-61	-359
 8	 499	 495
 39	-69	 788
 0	-175	 327
 81	-141	 576
-78	-225	-517
 60	 334	 208
 69	-78	 635
 5	-30	 225
 202	-257	 224
 452	 45	 516
-22	-412	 793
 177	-67	-350
 11	 490	 502
 37	-77	 773
-3	-180	 310
 78	-147	 556
-80	-214	-516
 59	 335	 206
 78	-82	 634
-14	-18	 232
 194	-264	 234
 448	 46	 523
-25	-404	 800
 178	-66	-354
 12	 495	 488
 33	-74	 781
-10	-178	 310
 80	-137	 568
-72	-220	-530
 53	 322	 220
 69	-83	 630
-1	-26	 218
 198	-271	 208
 452	 40	 528
-12	-411	 815
 165	-66	-356
 4	 485	 511
 28	-64	 784
-6	-174	 303
 76	-137	 565
-74	-225	-559
 58	 334	 221
 64	-76	 631
-5	-13	 206
 200	-278	 216
 438	 43	 510
-21	-398	 804
 178	-71	-359
 10	 493	 503
 28	-76	 787
 1	-175	 311
 80	-146	 557
-59	-220	-529
 59	 340	 219
 65	-85	 632
-8	-14	 220
 190	-262	 228
 449	 41	 500
-19	-411	 806
 190	-63	-371
 8	 484	 489
 34	-82	 773
-1	-181	 312
 73	-149	 570
-69	-222	-535
 62	 326	 220
 69	-84	 635
-5	-19	 237
 196	-260	 210
 449	 44	 520
-18	-416	 816
 186	-59	-338
 12	 495	 498
 33	-74	 774
-8	-178	 310
 65	-149	 572
-80	-222	-534
 74	 333	 217
 71	-83	 631
 8	-22	 220
 197	-266	 235
 440	 42	 511
-21	-408	 811
 186	-70	-341
 4	 496	 490
 38	-80	 774
-14	-183	 323
 64	-148	 566
-84	-225	-535
 58	 339	 206
 63	-74	 611
 5	-24	 242
 197	-264	 216
 451	 42	 520
-20	-408	 823
 187	-61	-344
 15	 504	 492
 40	-77	 797
-13	-175	 323
 72	-138	 569
-63	-225	-523
 54	 341	 213
 59	-85	 639
 10	-28	 234
 186	-264	 208
 450	 39	 524
-16	-408	 802
 178	-72	-363
 17	 489	 503
 39	-75	 777
-11	-180	 329
 79	-140	 566
-66	-230	-531
 54	 326	 215
 75	-75	 620
-2	-11	 206
 194	-265	 217
 443	 39	 515
-19	-408	 798
 175	-60	-365
 13	 493	 468
 31	-66	 785
-5	-173	 338
 75	-144	 553
-72	-219	-524
 51	 335	 193
 79	-81	 628
-2	-27	 229
 193	-266	 229
 449	 43	 528
-18	-415	 819
 185	-70	-353
 9	 495	 504
 33	-76	 776
 0	-174	 316
 77	-147	 569
-69	-222	-521
 60	 336	 225
 66	-75	 620
 1	-20	 234
 196	-259	 216
 445	 40	 508
-11	-408	 809
 171	-69	-353
 6	 492	 500
 34	-71	 785
-9	-190	 319
 74	-141	 538
-73	-221	-526
 62	 341	 209
 76	-72	 626
-6	-20	 224
 193	-265	 219
 432	 40	 503
-17	-406	 817
 174	-64	-366
 13	 506	 495
 32	-68	 774
-8	-175	 312
 71	-141	 558
-74	-231	-526
 53	 328	 204
 73	-83	 634
 6	-25	 244
 187	-256	 230
 448	 32	 505
-19	-413	 816
 180	-71	-359
 13	 490	 494
 31	-71	 769
-9	-182	 328
 69	-140	 564
-66	-232	-541
 58	 334	 212
 76	-80	 633
 0	-21	 222
 197	-271	 219
 444	 36	 500
-19	-409	 807
 181	-73	-367
 10	 493	 495
 29	-66	 785
 3	-177	 323
 70	-141	 548
-70	-226	-543
 57	 332	 237
 76	-79	 617
 0	-24	 231
 184	-258	 218
 452	 31	 523
-33	-403	 798
 195	-74	-342
 13	 501	 523
 29	-69	 783
-9	-174	 311
 79	-144	 564
-65	-218	-516
 66	 329	 217
 69	-83	 632
 5	-23	 216
 187	-260	 226
 450	 29	 512
-25	-410	 806
 185	-69	-364
 3	 491	 501
 37	-78	 768
 0	-172	 318
 77	-140	 575
-70	-228	-512
 68	 325	 235
 68	-77	 637
-7	-21	 235
 181	-266	 222
 459	 43	 526
-23	-416	 808
 184	-74	-351
 5	 494	 498
 27	-65	 767
-9	-168	 322
 75	-131	 565
-73	-220	-531
 59	 332	 217
 69	-80	 642
-4	-14	 224
 189	-269	 219
 453	 37	 525
-10	-419	 805
 178	-68	-345
 10	 494	 500
 29	-75	 779
-3	-180	 334
 75	-135	 567
-83	-224	-555
 61	 326	 207
 73	-83	 622
 2	-24	 235
 196	-273	 219
 455	 34	 547
-23	-405	 814
 177	-61	-370
 4	 499	 486
 32	-69	 792
-13	-189	 319
 72	-142	 576
-72	-229	-535
 77	 341	 226
 75	-80	 625
 0	-30	 223
 203	-265	 221
 446	 53	 522
-10	-403	 813
 182	-79	-357
 11	 490	 476
 35	-78	 757
-8	-169	 318
 71	-141	 555
-63	-229	-524
 57	 335	 204
 69	-65	 625
-1	-31	 222
 200	-266	 211
 446	 44	 514
-14	-406	 820
 175	-76	-346
 9	 496	 503
 22	-82	 786
-11	-175	 321
 73	-143	 549
-64	-216	-558
 62	 334	 215
 72	-83	 627
 9	-17	 233
 191	-261	 223
 454	 37	 527
-18	-406	 814
 173	-73	-373
 8	 508	 494
 30	-71	 785
-2	-173	 313
 63	-145	 563
-65	-226	-543
 59	 326	 225
 64	-82	 629
 0	-25	 219
 194	-258	 218
 442	 46	 516
-16	-408	 812
 178	-73	-358
 7	 495	 489
 35	-66	 797
-7	-182	 330
 64	-154	 568
-66	-227	-520
 55	 325	 222
 82	-76	 633
 0	-21	 227
 198	-260	 222
 442	 27	 505
-17	-404	 808
 175	-66	-350
 17	 487	 490
 40	-78	 779
-6	-183	 320
 62	-156	 573
-65	-215	-550
 62	 320	 226
 71	-75	 627
-1	-20	 230
 188	-263	 211
 445	 46	 504
-12	-415	 802
 182	-65	-364
 11	 501	 499
 33	-69	 769
-8	-184	 315
 69	-136	 570
-65	-222	-541
 57	 333	 228
 73	-84	 642
 3	-24	 235
 194	-269	 221
 452	 42	 515
-16	-414	 826
 178	-74	-363
 8	 501	 495
 31	-74	 769
-3	-173	 314
 76	-138	 556
-73	-224	-534
 73	 338	 235
 79	-72	 643
 8	-18	 246
 191	-262	 221
 442	 40	 506
-3	-409	 804
 179	-64	-353
 15	 501	 505
 27	-71	 787
-14	-173	 330
 73	-152	 585
-85	-234	-541
 63	 335	 214
 67	-70	 632
-9	-21	 231
 195	-256	 205
 458	 35	 513
-24	-411	 812
 176	-79	-353
 17	 508	 491
 23	-70	 782
-5	-175	 321
 66	-139	 556
-72	-220	-520
 67	 331	 215
 79	-67	 632
-14	-18	 235
 205	-266	 217
 439	 42	 525
-23	-406	 818
 175	-73	-358
 9	 486	 483
 29	-68	 786
-10	-189	 306
 76	-134	 556
-80	-224	-526
 59	 328	 204
 64	-77	 647
 0	-23	 228
 191	-272	 204
 445	 41	 508
-18	-406	 812
 179	-67	-374
 12	 503	 485
 26	-79	 770
 3	-176	 314
 62	-143	 551
-69	-222	-536
 63	 313	 214
 74	-80	 621
 0	-20	 220
 202	-266	 219
 447	 39	 514
-17	-414	 820
 186	-64	-358
 16	 499	 513
 40	-77	 779
 0	-182	 327
 62	-133	 562
-69	-215	-545
 76	 328	 218
 72	-82	 636
 1	-29	 225
 191	-268	 206
 453	 34	 524
-23	-420	 821
 174	-72	-362
 22	 490	 503
 32	-77	 789
-1	-180	 319
 89	-147	 569
-69	-218	-548
 65	 331	 231
 69	-73	 646
 0	-24	 229
 188	-267	 225
 450	 39	 513
-29	-407	 809
 178	-77	-356
 9	 496	 498
 36	-67	 777
-8	-181	 308
 75	-148	 556
-71	-235	-535
 52	 335	 224
 83	-81	 630
 3	-23	 231
 203	-259	 222
 446	 32	 501
-15	-407	 824
 190	-70	-366
 10	 488	 510
 28	-71	 798
 2	-173	 312
 81	-150	 563
-72	-227	-537
 71	 325	 216
 80	-80	 645
-6	-26	 224
 191	-259	 211
 450	 42	 520
-17	-409	 800
 177	-73	-347
 18	 505	 506
 23	-72	 773
 0	-188	 322
 74	-148	 560
-68	-227	-536
 65	 329	 208
 82	-80	 627
-5	-23	 228
 189	-272	 212
 448	 43	 519
-10	-408	 806
 166	-58	-362
 6	 492	 496
 30	-71	 787
 0	-175	 309
 75	-145	 576
-69	-232	-533
 63	 324	 219
 70	-77	 620
 2	-19	 217
 194	-266	 216
 457	 28	 506
-21	-407	 808
 179	-65	-358
 11	 504	 487
 32	-71	 777
-5	-170	 338
 58	-143	 563
-67	-222	-542
 67	 330	 213
 75	-80	 618
 3	-22	 209
 195	-266	 231
 449	 34	 517
-15	-404	 799
 188	-68	-358
 6	 495	 491
 28	-72	 774
-5	-176	 323
 69	-147	 550
-69	-230	-530
 61	 336	 218
 71	-88	 628
-3	-28	 231
 191	-268	 199
 457	 40	 506
-18	-405	 821
 174	-64	-359
 11	 498	 489
 23	-78	 777
-7	-179	 317
 67	-146	 567
-74	-214	-536
 63	 333	 204
 71	-72	 623
 7	-26	 241
 192	-266	 215
 448	 41	 513
-18	-417	 823
 180	-61	-363
 8	 502	 515
 37	-75	 785
-10	-172	 307
 75	-148	 546
-80	-227	-504
 54	 326	 209
 71	-73	 622
-7	-27	 238
 190	-273	 206
 451	 38	 533
-13	-409	 807
 181	-71	-342
 13	 496	 504
 32	-77	 779
-3	-188	 312
 74	-143	 562
-54	-238	-534
 64	 329	 222
 74	-75	 631
-6	-29	 212
 189	-264	 229
 452	 29	 524
-17	-407	 821
 181	-65	-365
 14	 495	 488
 26	-72	 771
-7	-178	 316
 81	-149	 574
-64	-226	-546
 66	 320	 214
 76	-68	 638
-2	-18	 223
 198	-257	 225
 441	 32	 531
-16	-412	 817
 182	-62	-370
 9	 495	 484
 34	-70	 766
-2	-179	 315
 70	-146	 569
-61	-224	-509
 62	 325	 203
 75	-73	 630
-5	-41	 234
 194	-258	 229
 446	 36	 512
-16	-406	 800
 188	-71	-353
 19	 497	 480
 28	-73	 777
-1	-180	 311
 73	-135	 557
-78	-216	-531
 59	 331	 217
 68	-80	 637
 4	-15	 220
 198	-262	 209
 439	 47	 510
-12	-414	 825
 178	-68	-345
 15	 499	 504
 33	-73	 769
-19	-186	 320
 61	-142	 563
-78	-228	-536
 62	 321	 223
 73	-73	 625
 5	-26	 227
 190	-262	 215
 445	 31	 508
-15	-410	 809
 177	-72	-348
 17	 507	 499
 31	-77	 779
-7	-170	 308
 73	-155	 570
-70	-218	-542
 67	 333	 233
 70	-78	 640
 0	-25	 239
 202	-265	 205
 445	 35	 532
-23	-395	 819
 183	-59	-365
 17	 504	 504
 36	-78	 785
-7	-175	 313
 74	-151	 562
-58	-217	-532
 67	 322	 208
 66	-72	 619
-3	-26	 233
 194	-267	 209
 450	 43	 513
-16	-396	 822
 173	-74	-368
 4	 500	 488
 42	-70	 786
-4	-168	 310
 81	-137	 562
-74	-225	-523
 59	 337	 224
 70	-74	 624
-3	-30	 231
 194	-266	 220
 447	 40	 513
-18	-406	 812
 179	-80	-358
 6	 486	 493
 34	-69	 765
-8	-178	 320
 71	-134	 568
-68	-230	-522
 63	 339	 206
 66	-96	 642
-6	-24	 238
 193	-263	 209
 451	 44	 513
-9	-410	 809
 184	-71	-358
 2	 496	 480
 33	-76	 779
 0	-175	 316
 68	-143	 570
-77	-214	-531
 64	 332	 211
 66	-78	 630
 3	-28	 226
 204	-258	 236
 450	 41	 514
-16	-416	 795
 180	-70	-361
 12	 484	 492
 34	-74	 785
-8	-168	 311
 79	-143	 568
-76	-219	-523
 64	 332	 229
 71	-83	 627
 2	-32	 233
 192	-265	 196
 453	 33	 508
-20	-405	 820
 175	-71	-357
 6	 486	 496
 38	-72	 782
-4	-174	 318
 79	-144	 555
-58	-229	-551
 63	 330	 236
 71	-72	 649
 1	-17	 232
 193	-264	 221
 445	 32	 518
-15	-408	 808
 185	-75	-366
 3	 495	 509
 36	-83	 762
 0	-177	 326
 69	-141	 560
-68	-227	-536
 60	 325	 211
 75	-83	 633
-2	-17	 234
 185	-261	 220
 459	 41	 518
-18	-405	 803
 184	-64	-339
 8	 488	 515
 31	-62	 781
-20	-186	 316
 64	-145	 552
-67	-223	-542
 57	 330	 221
 68	-79	 622
 8	-29	 221
 194	-273	 207
 453	 40	 510
-18	-404	 808
 173	-73	-352
 9	 504	 508
 23	-75	 770
-9	-180	 309
 66	-145	 563
-73	-223	-553
 58	 326	 221
 71	-66	 647
-1	-26	 262
 187	-264	 212
 447	 36	 509
-24	-406	 821
 187	-76	-349
 10	 486	 498
 35	-75	 781
-9	-177	 323
 65	-142	 562
-70	-234	-529
 51	 330	 204
 67	-85	 627
 7	-18	 240
 188	-275	 222
 454	 40	 525
-25	-413	 813
 181	-70	-359
 11	 498	 501
 39	-78	 774
-9	-168	 325
 79	-145	 565
-71	-223	-533
 61	 331	 204
 73	-78	 639
-6	-25	 214
 188	-259	 197
 446	 45	 495
-20	-411	 811
 176	-67	-360
 5	 510	 496
 33	-76	 789
 3	-181	 334
 78	-143	 550
-61	-227	-525
 64	 332	 213
 69	-70	 637
 3	-20	 245
 190	-264	 238
 455	 47	 515
-7	-409	 825
 183	-75	-360
 9	 487	 508
 34	-75	 763
-6	-185	 351
 74	-140	 558
-66	-221	-534
 60	 331	 216
 74	-68	 645
 8	-16	 223
 191	-265	 212
 457	 34	 520
-14	-415	 809
 176	-64	-377
 14	 498	 478
 34	-67	 770
-8	-172	 314
 70	-144	 567
-68	-219	-533
 63	 332	 212
 74	-70	 633
-12	-13	 244
 194	-268	 206
 452	 24	 517
-18	-414	 827
 184	-72	-350
 17	 498	 493
 29	-73	 779
-24	-180	 312
 70	-144	 565
-72	-230	-533
 62	 332	 226
 69	-74	 608
 1	-24	 251
 193	-266	 216
 464	 33	 524
-3	-409	 824
 168	-64	-356
 9	 500	 505
 49	-79	 780
-12	-176	 321
 70	-149	 557
-67	-222	-543
 63	 334	 226
 65	-71	 629
 4	-17	 237
 200	-267	 216
 445	 37	 525
-17	-415	 802
 186	-66	-377
 11	 501	 506
 28	-75	 772
 0	-177	 319
 83	-143	 569
-64	-226	-534
 74	 329	 197
 73	-77	 627
-4	-24	 228
 199	-268	 226
 446	 35	 518
-17	-413	 821
 183	-66	-373
 13	 504	 508
 31	-71	 783
-12	-180	 314
 68	-144	 543
-70	-227	-553
 64	 340	 222
 70	-65	 615
-4	-36	 219
 203	-269	 214
 454	 49	 520
-20	-407	 813
 189	-64	-355
 22	 498	 500
 32	-76	 784
 0	-179	 347
 77	-135	 563
-67	-232	-533
 65	 333	 220
 70	-80	 636
-2	-20	 218
 186	-270	 217
 456	 42	 535
-15	-400	 826
 182	-72	-333
 2	 487	 498
 34	-69	 781
-15	-180	 322
 67	-136	 558
-71	-228	-522
 69	 330	 216
 75	-75	 632
 6	-19	 222
 197	-249	 229
 443	 27	 512
-13	-408	 808
 186	-68	-362
 7	 498	 496
 25	-75	 762
-8	-186	 309
 71	-141	 560
-70	-219	-515
 62	 333	 218
 73	-75	 640
-9	-23	 222
 197	-262	 231
 450	 35	 509
-20	-413	 821
 176	-64	-354
 13	 500	 489
 21	-72	 786
-4	-179	 339
 63	-139	 556
-72	-220	-539
 50	 324	 203
 76	-73	 621
 6	-16	 227
 190	-274	 202
 459	 28	 507
-10	-405	 818
 180	-72	-354
-3	 501	 492
 41	-72	 775
-12	-178	 330
 72	-145	 571
-75	-226	-523
 50	 333	 227
 62	-74	 625
 5	-11	 234
 179	-266	 218
 457	 35	 504
-11	-400	 806
 189	-67	-375
 10	 503	 501
 35	-75	 767
-13	-174	 310
 65	-146	 555
-76	-223	-537
 65	 317	 220
 69	-81	 625
-4	-27	 243
 206	-266	 208
 448	 41	 538
-17	-407	 801
 178	-64	-354
 5	 487	 485
 39	-80	 783
-11	-181	 319
 72	-141	 545
-72	-228	-553
 66	 316	 217
 76	-82	 624
-2	-31	 238
 194	-265	 216
 444	 41	 500
-14	-402	 816
 177	-65	-353
 18	 495	 508
 36	-75	 775
-11	-176	 320
 70	-137	 568
-68	-235	-535
 59	 326	 220
 68	-81	 632
-2	-29	 228
 193	-274	 207
 440	 36	 509
-9	-410	 820
 182	-72	-358
 22	 495	 503
 35	-73	 769
-6	-172	 337
 74	-134	 557
-61	-237	-543
 56	 327	 221
 52	-79	 637
 2	-14	 231
 197	-255	 202
 468	 36	 522
-14	-410	 796
 169	-72	-349
 8	 486	 494
 33	-77	 791
 0	-177	 306
 81	-149	 558
-64	-223	-521
 53	 326	 209
 74	-70	 625
-4	-20	 234
 189	-268	 221
 452	 35	 510
-13	-411	 812
 172	-67	-345
 13	 492	 498
 29	-68	 788
-1	-179	 319
 81	-151	 559
-71	-235	-530
 59	 335	 227
 64	-73	 634
 6	-20	 234
 194	-275	 207
 454	 38	 517
-13	-414	 824
 184	-72	-349
 11	 500	 500
 21	-72	 783
-12	-171	 318
 79	-154	 580
-53	-227	-531
 62	 330	 225
 67	-83	 620
 3	-18	 233
 193	-266	 213
 444	 32	 529
-24	-408	 813
 184	-68	-359
 7	 498	 498
 35	-75	 771
-8	-177	 322
 77	-144	 568
-77	-227	-540
 62	 326	 226
 72	-71	 636
 0	-23	 250
 197	-257	 235
 446	 39	 499
-14	-415	 819
 182	-64	-349
 8	 491	 496
 35	-67	 763
-9	-182	 341
 67	-140	 561
-77	-219	-523
 66	 325	 227
 72	-70	 627
-2	-27	 232
 199	-270	 232
 447	 41	 523
-14	-408	 813
 180	-63	-363
 4	 503	 480
 32	-84	 793
 3	-185	 314
 76	-146	 554
-78	-222	-524
 68	 331	 214
 59	-83	 626
-4	-28	 231
 197	-262	 218
 446	 39	 500
-29	-399	 822
 180	-71	-353
 10	 498	 504
 31	-68	 785
-1	-177	 330
 65	-133	 567
-64	-219	-543
 68	 329	 206
 80	-70	 628
-1	-11	 231
 210	-266	 202
 449	 39	 508
-18	-404	 798
 188	-70	-349
-1	 494	 483
 42	-72	 783
-4	-177	 313
 65	-144	 564
-62	-224	-523
 58	 333	 230
 72	-78	 618
-5	-24	 236
 183	-261	 224
 438	 39	 518
-28	-416	 817
 174	-63	-358
 16	 492	 499
 31	-72	 762
-7	-183	 335
 64	-137	 572
-70	-215	-544
 64	 326	 199
 76	-77	 644
 6	-23	 237
 192	-275	 201
 455	 33	 518
-8	-417	 824
 172	-61	-352
 0	 493	 492
 39	-75	 778
-4	-174	 328
 64	-140	 564
-65	-229	-526
 55	 331	 206
 75	-69	 614
-6	-11	 226
 198	-269	 205
 455	 32	 510
-12	-420	 807
 186	-62	-358
 14	 490	 489
 24	-75	 778
-9	-187	 304
 83	-146	 569
-64	-224	-535
 57	 331	 229
 66	-76	 644
-9	-18	 221
 197	-253	 208
 445	 44	 533
-13	-409	 826
 178	-66	-358
-1	 504	 501
 22	-70	 780
-6	-169	 334
 70	-138	 556
-67	-227	-528
 64	 326	 225
 77	-82	 627
 6	-25	 221
 199	-264	 204
 439	 37	 522
-16	-407	 819
 167	-64	-353
 7	 489	 487
 42	-75	 784
-12	-179	 321
 78	-135	 576
-77	-226	-538
 63	 331	 229
 71	-79	 633
 4	-20	 236
 176	-263	 222
 456	 31	 508
-23	-408	 802
 191	-73	-354
 7	 496	 497
 29	-73	 775
-9	-185	 325
 63	-141	 557
-79	-222	-529
 65	 315	 216
 64	-86	 637
 7	-29	 227
 187	-266	 223
 453	 37	 524
-20	-412	 819
 187	-66	-360
 13	 503	 482
 24	-77	 768
-8	-177	 320
 70	-136	 546
-67	-223	-521
 62	 333	 226
 69	-77	 645
-6	-14	 232
 197	-267	 188
 459	 33	 527
-27	-407	 808
 179	-71	-348
 2	 490	 499
 32	-66	 775
-4	-183	 325
 77	-146	 577
-67	-224	-545
 58	 336	 223
 74	-78	 629
 13	-26	 229
 198	-263	 210
 448	 35	 524
-13	-404	 815
 177	-72	-334
 17	 500	 485
 35	-69	 765
-5	-176	 315
 70	-134	 572
-73	-221	-543
 55	 324	 218
 80	-74	 612
 2	-32	 222
 198	-266	 215
 466	 35	 519
-9	-407	 816
 170	-76	-357
 10	 508	 510
 50	-74	 769
-27	-189	 334
 74	-136	 571
-67	-228	-523
 54	 322	 211
 74	-79	 621
 10	-28	 223
 198	-270	 218
 447	 42	 530
-12	-409	 816
 185	-69	-360
 11	 499	 485
 30	-80	 778
 6	-184	 334
 79	-141	 553
-72	-221	-528
 65	 336	 230
 74	-86	 641
-1	-18	 232
 188	-273	 214
 452	 37	 515
-24	-414	 814
 173	-73	-365
 5	 487	 496
 32	-72	 766
-14	-175	 338
 67	-155	 557
-76	-228	-542
 58	 339	 221
 63	-76	 622
 2	-19	 225
 184	-273	 214
 447	 36	 504
-18	-402	 821
 175	-74	-365
 11	 501	 494
 21	-86	 771
-8	-176	 326
 73	-145	 573
-68	-223	-530
 63	 335	 221
 67	-70	 629
-2	-26	 228
 192	-258	 213
 451	 34	 519
-13	-407	 814
 186	-75	-365
 0	 485	 498
 37	-78	 770
-11	-170	 315
 71	-151	 555
-65	-227	-549
 61	 325	 205
 74	-78	 610
 2	-27	 232
 192	-271	 231
 439	 42	 518
-24	-408	 817
 185	-65	-355
 19	 491	 477
 41	-77	 792
-15	-180	 328
 75	-142	 563
-63	-225	-538
 56	 335	 216
 63	-76	 617
 2	-20	 227
 197	-265	 230
 455	 32	 523
-15	-412	 790
 182	-70	-362
 10	 500	 488
 37	-69	 769
-7	-181	 310
 67	-139	 568
-80	-225	-523
 57	 321	 228
 79	-75	 622
-2	-23	 226
 190	-269	 216
 454	 45	 515
-9	-415	 807
 183	-80	-355
 10	 502	 518
 38	-72	 800
-4	-183	 306
 72	-143	 563
-72	-226	-550
 60	 325	 226
 71	-73	 607
 10	-20	 237
 189	-268	 238
 455	 35	 525
-21	-407	 809
 188	-69	-354
 16	 504	 502
 29	-71	 784
-11	-181	 334
 69	-151	 543
-66	-227	-534
 65	 323	 222
 66	-76	 628
 3	-18	 218
 194	-278	 211
 453	 47	 530
-14	-412	 820
 183	-71	-350
 6	 485	 510
 24	-70	 774
 4	-175	 307
 72	-138	 568
-81	-231	-530
 63	 333	 208
 63	-75	 658
 0	-18	 232
 199	-253	 225
 451	 34	 515
-14	-407	 834
 189	-74	-336
 12	 498	 484
 32	-82	 784
 0	-182	 330
 69	-140	 562
-63	-218	-513
 62	 340	 212
 78	-80	 623
 3	-29	 220
 191	-259	 227
 449	 44	 508
-26	-409	 815
 184	-74	-350
 14	 496	 502
 33	-74	 779
 0	-178	 331
 68	-141	 554
-73	-226	-532
 65	 331	 218
 81	-81	 638
-2	-25	 234
 202	-265	 236
 445	 40	 520
-13	-407	 815
 175	-70	-356
 13	 488	 503
 40	-81	 775
-9	-182	 334
 68	-140	 564
-75	-222	-516
 57	 330	 211
 79	-84	 624
 2	-20	 222
 199	-258	 214
 453	 28	 507
-10	-407	 808
 180	-81	-355
 10	 487	 498
 28	-59	 772
-4	-180	 329
 77	-140	 554
-73	-225	-534
 67	 315	 226
 67	-75	 636
-1	-11	 229
 189	-266	 226
 448	 33	 513
-19	-410	 820
 184	-76	-356
 22	 501	 511
 27	-74	 777
-4	-178	 331
 70	-148	 572
-70	-214	-523
 47	 330	 210
 70	-73	 615
 4	-22	 241
 193	-269	 206
 448	 35	 516
-10	-410	 802
 179	-72	-352
 13	 499	 499
 27	-74	 784
 1	-170	 320
 77	-137	 560
-66	-219	-527
 60	 342	 204
 78	-81	 624
-3	-15	 229
 200	-268	 218
 447	 35	 516
-4	-406	 811
 181	-70	-364
 11	 492	 509
 24	-78	 786
-12	-168	 311
 76	-141	 566
-71	-217	-529
 50	 330	 219
 73	-81	 626
-6	-22	 216
 197	-257	 208
 452	 35	 512
-17	-409	 816
 183	-69	-367
 9	 503	 502
 36	-80	 796
-1	-165	 311
 68	-144	 558
-72	-222	-548
 66	 324	 253
 62	-75	 633
 0	-14	 230
 194	-271	 218
 461	 32	 523
-11	-413	 824
 185	-69	-366
 6	 489	 488
 35	-73	 773
-11	-184	 341
 77	-146	 557
-66	-224	-532
 60	 322	 224
 69	-82	 621
 3	-18	 231
 197	-263	 204
 444	 37	 524
-21	-409	 810
 175	-71	-358
 16	 503	 501
 28	-66	 769
-2	-170	 321
 67	-135	 564
-63	-227	-531
 55	 331	 201
 78	-71	 653
 1	-18	 231
 193	-267	 217
 448	 41	 510
-8	-407	 812
 175	-66	-348
 12	 506	 504
 36	-76	 781
-1	-175	 328
 73	-149	 548
-67	-229	-539
 56	 317	 222
 70	-81	 625
-4	-31	 224
 195	-271	 221
 451	 33	 518
-14	-402	 816
 182	-73	-343
 20	 497	 490
 34	-79	 782
-15	-173	 310
 80	-148	 569
-73	-231	-536
 58	 327	 236
 80	-75	 624
-1	-9	 224
 197	-281	 206
 444	 38	 523
-28	-415	 793
 176	-69	-342
 13	 503	 489
 20	-79	 758
-6	-177	 322
 63	-147	 553
-79	-222	-529
 64	 331	 233
 65	-75	 625
 3	-33	 209
 188	-266	 219
 452	 47	 495
-14	-404	 799
 175	-73	-358
 7	 500	 493
 28	-80	 766
-2	-186	 320
 71	-142	 557
-75	-216	-540
 64	 334	 226
 77	-75	 628
 2	-32	 214
 188	-259	 205
 449	 34	 516
-12	-407	 802
 185	-74	-358
 10	 498	 492
 30	-72	 775
-10	-178	 317
 75	-148	 578
-68	-224	-539
 53	 333	 225
 59	-85	 617
 4	-22	 220
 206	-270	 223
 446	 47	 505
-19	-405	 811
 168	-71	-353
 8	 505	 501
 35	-63	 772
-8	-187	 342
 86	-147	 565
-68	-233	-537
 63	 323	 211
 71	-88	 636
 0	-15	 219
 206	-258	 206
 450	 35	 516
-11	-406	 821
 181	-74	-355
 7	 492	 495
 33	-65	 767
-7	-174	 326
 57	-146	 549
-70	-234	-533
 69	 328	 226
 65	-79	 620
 3	-23	 230
 198	-262	 232
 445	 46	 521
-24	-401	 818
 179	-70	-346
 15	 498	 492
 37	-81	 792
 0	-179	 325
 73	-152	 562
-73	-227	-543
 56	 329	 216
 73	-76	 640
 0	-27	 219
 191	-258	 221
 448	 33	 516
-19	-407	 807
 178	-71	-344
 10	 495	 495
 29	-73	 787
-6	-170	 327
 61	-139	 563
-66	-223	-528
 59	 332	 204
 70	-80	 651
 2	-22	 237
 196	-267	 227
 448	 39	 515
-25	-407	 803
 176	-66	-353
 4	 509	 497
 33	-77	 788
-6	-183	 323
 70	-152	 572
-72	-233	-531
 67	 339	 218
 61	-77	 626
-5	-19	 230
 189	-260	 226
 453	 39	 522
-12	-417	 823
 193	-78	-349
 19	 488	 506
 30	-66	 802
 2	-182	 325
 82	-132	 580
-71	-232	-543
 54	 332	 224
 70	-71	 635
 1	-16	 218
 193	-263	 223
 448	 30	 517
-19	-394	 819
 176	-77	-332
 9	 501	 505
 25	-83	 767
-9	-186	 342
 85	-139	 550
-60	-221	-555
 66	 332	 226
 70	-79	 639
-3	-24	 233
 191	-272	 213
 445	 39	 523
-25	-412	 812
 179	-66	-348
 18	 493	 495
 28	-74	 764
-2	-172	 346
 76	-146	 564
-61	-225	-520
 55	 337	 235
 75	-79	 615
-5	-21	 241
 184	-262	 215
 448	 39	 527
-21	-404	 822
 187	-76	-370
 13	 500	 507
 32	-74	 776
-5	-172	 326
 68	-134	 558
-73	-218	-525
 58	 328	 196
 65	-89	 615
-4	-25	 251
 202	-260	 202
 443	 42	 520
-21	-407	 814
 183	-80	-356
 12	 499	 489
 33	-75	 792
-8	-177	 337
 71	-148	 555
-75	-222	-534
 59	 331	 211
 70	-74	 615
 2	-24	 230
 197	-261	 217
 450	 35	 502
-14	-416	 828
 177	-67	-346
 14	 498	 515
 32	-80	 765
-8	-189	 327
 73	-138	 569
-72	-221	-513
 63	 332	 202
 70	-79	 635
-4	-21	 217
 189	-275	 225
 458	 44	 523
-19	-405	 822
 174	-68	-356
 11	 508	 501
 29	-78	 771
-1	-181	 338
 76	-153	 558
-72	-224	-528
 66	 339	 224
 78	-81	 643
 3	-25	 224
 184	-270	 219
 449	 36	 513
-27	-416	 827
 188	-65	-362
 12	 498	 492
 28	-72	 788
-9	-173	 313
 69	-149	 547
-74	-221	-520
 68	 338	 220
 80	-74	 640
 4	-25	 223
 195	-270	 240
 449	 42	 512
-23	-411	 808
 175	-73	-352
 18	 505	 487
 37	-74	 784
-14	-176	 310
 73	-145	 560
-60	-226	-527
 64	 335	 225
 78	-82	 631
-2	-22	 238
 195	-262	 223
 451	 32	 518
-17	-405	 817
 193	-65	-342
 5	 491	 511
 33	-79	 774
-1	-173	 321
 79	-133	 555
-55	-227	-535
 64	 327	 234
 78	-78	 627
-2	-28	 224
 192	-273	 207
 450	 40	 510
-16	-410	 816
 174	-71	-351
 11	 487	 494
 34	-74	 765
-13	-176	 318
 69	-144	 558
-67	-229	-553
 70	 325	 202
 61	-78	 623
 5	-18	 222
 194	-264	 213
 451	 40	 511
-24	-411	 818
 179	-69	-358
 16	 484	 504
 32	-75	 782
-5	-185	 323
 83	-143	 570
-62	-220	-542
 64	 329	 222
 74	-84	 636
-3	-22	 221
 196	-269	 220
 457	 32	 543
-14	-407	 817
 175	-79	-365
 4	 496	 492
 29	-62	 787
-9	-174	 317
 79	-138	 607
-66	-219	-529
 69	 331	 214
 78	-75	 639
 0	-19	 234
 195	-263	 229
 452	 36	 529
-17	-413	 828
 189	-88	-340
 1	 493	 494
 32	-83	 774
-9	-178	 339
 80	-140	 561
-70	-224	-526
 58	 334	 221
 77	-86	 632
-4	-21	 228
 201	-268	 219
 456	 39	 516
-12	-406	 793
 176	-65	-348
 5	 492	 507
 25	-76	 790
 1	-179	 327
 66	-140	 575
-59	-229	-543
 57	 324	 219
 81	-83	 628
-5	-24	 222
 193	-259	 217
 447	 39	 508
-16	-415	 824
 184	-74	-358
 13	 492	 501
 32	-78	 792
-5	-182	 324
 76	-146	 554
-71	-230	-535
 64	 331	 210
 64	-83	 635
-8	-18	 207
 192	-265	 233
 445	 42	 511
-17	-405	 820
 177	-67	-362
 10	 502	 516
 25	-72	 777
 7	-167	 312
 68	-145	 557
-67	-221	-528
 60	 332	 229
 74	-89	 639
-3	-24	 227
 192	-267	 200
 449	 40	 517
-18	-409	 810
 184	-72	-355
 5	 486	 494
 31	-71	 782
-8	-181	 315
 80	-143	 565
-77	-231	-530
 73	 341	 222
 71	-84	 617
-9	-28	 231
 198	-267	 210
 448	 37	 520
-17	-411	 817
 176	-61	-353
-1	 500	 503
 28	-71	 768
-1	-172	 316
 75	-134	 564
-75	-229	-549
 62	 325	 222
 74	-73	 645
-2	-25	 237
 189	-272	 218
 446	 38	 531
-18	-398	 824
 182	-74	-330
 10	 486	 505
 30	-68	 778
-6	-179	 319
 80	-139	 567
-77	-215	-513
 70	 331	 236
 69	-77	 620
 0	-18	 242
 189	-272	 220
 448	 30	 527
-10	-404	 802
 182	-73	-350
 15	 494	 507
 36	-66	 785
-6	-177	 329
 66	-136	 559
-72	-219	-520
 63	 335	 213
 61	-87	 633
 11	-30	 226
 190	-272	 217
 447	 37	 500
-25	-408	 825
 188	-69	-349
 10	 501	 487
 25	-71	 746
-9	-179	 316
 71	-135	 552
-73	-223	-530
 49	 328	 218
 59	-81	 628
 1	-30	 223
 198	-266	 214
 455	 35	 510
-20	-409	 811
 174	-75	-358
 13	 497	 490
 20	-75	 791
 2	-177	 308
 72	-134	 563
-78	-230	-529
 66	 333	 210
 74	-85	 618
-4	-17	 240
 200	-267	 201
 451	 42	 515
-23	-407	 811
 180	-65	-349
 8	 493	 480
 30	-83	 769
-9	-170	 335
 84	-133	 563
-71	-218	-539
 45	 329	 228
 71	-71	 614
-5	-19	 229
 196	-259	 221
 448	 39	 488
-8	-406	 807
 176	-72	-359
 9	 490	 507
 22	-75	 772
-6	-178	 330
 77	-138	 567
-77	-225	-530
 71	 342	 216
 74	-78	 626
-3	-27	 228
 194	-267	 231
 449	 34	 511
-14	-407	 810
 180	-70	-366
 7	 494	 488
 31	-77	 790
-3	-173	 335
 85	-150	 565
-69	-216	-516
 54	 329	 228
 58	-67	 641
-9	-21	 220
 194	-272	 216
 447	 43	 501
-24	-408	 819
 179	-72	-358
 12	 490	 491
 23	-71	 797
-16	-179	 317
 70	-140	 566
-65	-232	-536
 57	 317	 230
 78	-75	 647
-4	-32	 231
 195	-260	 228
 458	 39	 511
-11	-409	 794
 174	-76	-370
 11	 484	 508
 39	-64	 778
-11	-174	 325
 83	-138	 586
-73	-232	-536
 60	 328	 229
 70	-81	 631
-4	-16	 224
 197	-266	 211
 443	 42	 517
-10	-406	 811
 177	-67	-355
 18	 507	 505
 33	-70	 789
-10	-183	 318
 80	-140	 557
-68	-211	-537
 56	 338	 216
 67	-77	 632
 4	-16	 217
 192	-277	 225
 438	 41	 507
-14	-417	 814
 180	-73	-331
 10	 486	 486
 29	-62	 771
 0	-176	 330
 77	-144	 561
-76	-226	-525
 63	 318	 217
 69	-85	 622
-7	-17	 245
 194	-266	 228
 448	 51	 508
-18	-413	 799
 177	-68	-346
 14	 492	 518
 32	-85	 789
-21	-164	 313
 74	-132	 566
-73	-221	-545
 61	 330	 227
 69	-66	 639
 2	-18	 222
 199	-263	 206
 454	 38	 522
-18	-414	 819
 174	-72	-335
 8	 500	 501
 23	-75	 804
-9	-173	 316
 68	-147	 569
-71	-229	-526
 67	 340	 228
 69	-80	 628
-3	-15	 229
 199	-265	 212
 444	 44	 534
-13	-408	 816
 179	-68	-364
 20	 502	 493
 34	-76	 803
 0	-170	 320
 66	-146	 563
-74	-228	-528
 59	 336	 216
 80	-79	 631
-1	-16	 216
 198	-268	 219
 461	 38	 518
-14	-411	 801
 179	-75	-351
 3	 503	 498
 27	-86	 777
-12	-177	 310
 65	-158	 560
-67	-210	-524
 61	 325	 225
 76	-78	 620
-8	-21	 222
 181	-263	 207
 450	 39	 510
-13	-411	 817
 175	-66	-349
 16	 496	 496
 36	-82	 770
-16	-175	 328
 71	-145	 561
-69	-227	-553
 58	 329	 227
 60	-75	 627
 0	-17	 247
 192	-264	 220
 456	 44	 524
-16	-415	 798
 177	-69	-363
 3	 491	 500
 27	-70	 759
-2	-185	 314
 56	-141	 553
-74	-218	-528
 64	 331	 218
 68	-72	 616
 2	-29	 220
 194	-262	 227
 455	 38	 512
-21	-398	 810
 181	-69	-358
 16	 499	 497
 44	-87	 777
-2	-173	 320
 71	-150	 554
-66	-227	-526
 60	 336	 206
 71	-95	 626
 2	-19	 227
 180	-257	 205
 442	 47	 497
-20	-407	 818
 184	-71	-356
 6	 499	 485
 27	-76	 777
 0	-183	 310
 67	-149	 563
-66	-223	-538
 56	 336	 224
 71	-84	 620
-6	-14	 227
 189	-265	 208
 457	 38	 520
-15	-407	 817
 177	-79	-347
 7	 498	 490
 21	-81	 770
-9	-175	 304
 73	-149	 569
-58	-220	-533
 57	 329	 230
 73	-85	 636
 1	-25	 230
 188	-260	 202
 442	 39	 514
-16	-416	 815
 180	-65	-349
 13	 489	 495
 30	-72	 775
-4	-163	 314
 61	-134	 549
-83	-220	-529
 67	 321	 214
 77	-76	 621
-11	-27	 199
 183	-269	 226
 451	 42	 511
-12	-403	 807
 180	-81	-342
 15	 482	 476
 38	-80	 772
-5	-164	 322
 69	-142	 549
-61	-223	-535
 68	 324	 220
 78	-72	 630
-4	-18	 227
 195	-265	 206
 459	 39	 509
-16	-414	 820
 178	-62	-359
 14	 496	 491
 28	-83	 777
 1	-171	 310
 83	-140	 575
-66	-226	-530
 66	 331	 221
 81	-81	 640
 0	-15	 234
 192	-264	 222
 459	 30	 519
-19	-411	 817
 170	-62	-356
 13	 496	 514
 33	-85	 796
-11	-181	 320
 77	-146	 570
-63	-221	-557
 63	 339	 228
 78	-64	 625
 7	-18	 234
 195	-259	 224
 445	 31	 517
-19	-403	 819
 188	-59	-365
 12	 497	 503
 37	-79	 769
-4	-174	 326
 78	-140	 551
-78	-234	-520
 60	 339	 221
 77	-79	 636
 4	-18	 229
 192	-258	 229
 449	 30	 510
-20	-410	 812
 176	-75	-356
 15	 494	 495
 25	-86	 769
 4	-167	 321
 72	-153	 564
-64	-219	-547
 66	 322	 206
 68	-88	 627
 4	-19	 223
 199	-261	 216
 450	 32	 523
-16	-402	 811
 172	-75	-364
 15	 495	 475
 32	-80	 775
-3	-186	 320
 67	-146	 549
-66	-216	-521
 58	 333	 215
 61	-83	 627
-4	-11	 228
 186	-255	 226
 450	 42	 510
-19	-415	 814
 188	-66	-369
 29	 502	 497
 37	-66	 794
-9	-174	 316
 70	-145	 562
-69	-236	-515
 57	 336	 218
 73	-78	 620
-11	-18	 217
 191	-272	 241
 442	 41	 506
-8	-411	 804
 188	-64	-358
 17	 501	 497
 18	-74	 794
-7	-182	 321
 77	-149	 555
-70	-230	-533
 62	 336	 222
 75	-73	 643
 1	-18	 226
 181	-264	 206
 449	 36	 529
-12	-409	 817
 179	-74	-353
 9	 488	 489
 18	-75	 777
-10	-183	 310
 74	-152	 550
-66	-222	-522
 57	 327	 222
 72	-78	 640
 1	-25	 226
 206	-261	 210
 442	 38	 509
-20	-401	 815
 184	-74	-346
 14	 498	 492
 32	-76	 782
-10	-176	 321
 61	-130	 567
-73	-232	-533
 54	 335	 203
 79	-81	 625
 0	-21	 234
 193	-265	 218
 460	 32	 507
-21	-409	 819
 181	-66	-350
 8	 499	 487
 30	-64	 765
-13	-178	 328
 79	-144	 557
-74	-226	-515
 68	 335	 212
 76	-84	 627
 0	-26	 223
 195	-265	 230
 463	 35	 516
-15	-410	 812
 181	-77	-339
 9	 498	 498
 29	-83	 786
-7	-175	 321
 67	-142	 575
-77	-231	-547
 54	 329	 226
 78	-84	 617
-15	-15	 234
 198	-268	 233
 447	 44	 507
-18	-399	 810
 185	-69	-357
 10	 496	 498
 36	-80	 781
-16	-178	 333
 73	-143	 555
-73	-221	-527
 65	 335	 214
 72	-76	 629
-1	-25	 240
 192	-267	 220
 446	 34	 499
-16	-401	 808
 188	-67	-356
 18	 508	 495
 49	-83	 795
-11	-182	 329
 69	-144	 549
-76	-220	-547
 65	 340	 218
 75	-73	 623
-1	-21	 225
 197	-265	 226
 443	 48	 525
-15	-407	 809
 177	-76	-354
 10	 504	 503
 22	-72	 786
-9	-182	 319
 84	-147	 570
-67	-224	-517
 59	 332	 225
 62	-75	 612
 0	-26	 231
 192	-262	 214
 441	 28	 509
-26	-407	 825
 174	-66	-355
 7	 499	 505
 27	-84	 752
-3	-172	 331
 79	-143	 548
-63	-226	-530
 65	 340	 220
 77	-71	 642
-3	-25	 219
 202	-262	 213
 452	 29	 507
-19	-411	 813
 181	-72	-343
 11	 498	 517
 32	-75	 772
-10	-179	 323
 71	-145	 561
-62	-221	-542
 71	 328	 211
 69	-79	 612
-8	-25	 232
 182	-268	 219
 445	 41	 527
-19	-411	 807
 167	-62	-365
 5	 497	 474
 43	-78	 771
-13	-183	 311
 87	-144	 573
-79	-219	-538
 64	 328	 210
 79	-71	 632
-1	-26	 229
 198	-267	 209
 445	 38	 516
-18	-403	 817
 181	-78	-343
 15	 504	 488
 25	-74	 763
-3	-171	 314
 71	-146	 550
-68	-226	-525
 55	 330	 211
 75	-83	 630
 0	-25	 222
 198	-271	 211
 455	 33	 514
-12	-414	 808
 181	-72	-349
 17	 500	 506
 30	-75	 766
-1	-182	 316
 79	-136	 555
-73	-234	-518
 71	 325	 219
 76	-77	 628
-1	-16	 234
 194	-274	 224
 452	 35	 515
-14	-407	 825
 183	-69	-349
 17	 499	 488
 27	-73	 777
 2	-188	 326
 66	-137	 550
-73	-228	-528
 58	 330	 201
 73	-88	 623
 8	-18	 233
 200	-264	 222
 454	 38	 512
-15	-394	 819
 180	-65	-361
 5	 497	 510
 28	-87	 781
 0	-174	 317
 72	-145	 548
-75	-222	-535
 62	 339	 227
 64	-74	 621
-3	-22	 233
 196	-275	 207
 449	 26	 514
-7	-416	 815
 175	-65	-354
 14	 491	 511
 38	-69	 763
 4	-175	 315
 69	-146	 551
-79	-230	-525
 70	 319	 237
 74	-86	 621
-3	-28	 241
 189	-265	 220
 446	 35	 524
-22	-417	 816
 193	-73	-352
 12	 499	 500
 38	-73	 770
-7	-177	 313
 67	-144	 560
-72	-220	-526
 61	 329	 224
 77	-80	 622
-8	-29	 224
 192	-265	 202
 451	 42	 513
-16	-408	 818
 190	-67	-351
 14	 500	 513
 25	-74	 778
-5	-180	 330
 83	-149	 565
-67	-226	-548
 62	 324	 217
 79	-83	 634
 1	-20	 224
 189	-262	 211
 462	 33	 517
-13	-410	 815
 169	-76	-356
 12	 499	 496
 29	-71	 759
-6	-177	 326
 77	-143	 564
-73	-227	-516
 71	 328	 212
 71	-82	 637
-4	-13	 224
 200	-263	 234
 455	 34	 531
-19	-406	 802
 169	-61	-358
 13	 505	 503
 29	-88	 770
-3	-179	 345
 84	-157	 573
-83	-227	-515
 77	 333	 226
 71	-80	 641
 9	-26	 215
 186	-269	 221
 448	 43	 513
-18	-405	 809
 178	-68	-348
 17	 491	 484
 33	-80	 779
-2	-173	 305
 80	-142	 547
-66	-215	-533
 70	 334	 235
 75	-89	 631
-3	-24	 218
 195	-278	 216
 451	 34	 500
-18	-406	 824
 165	-54	-347
 11	 491	 503
 26	-73	 794
-7	-186	 322
 78	-143	 552
-70	-229	-528
 60	 323	 222
 65	-78	 637
-4	-20	 207
 202	-259	 221
 454	 46	 534
-14	-400	 817
 177	-67	-339
 14	 494	 502
 30	-67	 778
-13	-170	 339
 66	-135	 570
-63	-237	-520
 62	 324	 211
 72	-87	 632
-3	-19	 232
 185	-258	 224
 449	 36	 523
-10	-411	 822
 174	-66	-351
 8	 503	 501
 32	-73	 779
-9	-175	 313
 70	-139	 555
-75	-213	-541
 54	 332	 232
 68	-86	 628
 4	-23	 224
 200	-264	 226
 447	 32	 520
-13	-412	 804
 191	-81	-354
 16	 501	 508
 28	-70	 792
-9	-183	 327
 75	-147	 573
-70	-220	-529
 60	 335	 222
 76	-64	 630
 0	-21	 219
 189	-275	 213
 444	 32	 510
-20	-411	 827
 180	-67	-347
 15	 487	 498
 37	-82	 785
-7	-190	 332
 73	-141	 565
-77	-228	-516
 62	 327	 218
 76	-77	 621
-1	-27	 221
 191	-267	 219
 451	 38	 508
-13	-410	 828
 179	-68	-360
 14	 502	 495
 39	-77	 802
-7	-168	 334
 75	-146	 560
-70	-219	-505
 74	 330	 206
 77	-71	 620
 0	-23	 221
 192	-270	 213
 449	 45	 508
-9	-404	 818
 182	-69	-360
 13	 497	 504
 37	-67	 787
-13	-171	 332
 68	-140	 563
-70	-222	-536
 61	 320	 224
 64	-83	 628
-5	-15	 241
 187	-266	 203
 442	 35	 501
-11	-405	 813
 183	-76	-353
 9	 492	 509
 29	-69	 787
-1	-176	 326
 79	-136	 561
-65	-232	-525
 55	 331	 222
 73	-91	 631
 3	-22	 230
 195	-271	 217
 459	 42	 501
-11	-407	 812
 179	-68	-348
 2	 489	 488
 26	-75	 773
-1	-181	 311
 75	-147	 546
-73	-222	-503
 66	 329	 212
 72	-68	 630
 7	-28	 238
 204	-261	 212
 447	 45	 503
-8	-415	 817
 181	-72	-358
 18	 501	 500
 32	-79	 789
-13	-173	 327
 68	-147	 574
-69	-227	-526
 62	 322	 215
 62	-75	 616
 1	-28	 219
 195	-259	 223
 445	 35	 521
-23	-412	 817
 174	-72	-342
 21	 501	 489
 37	-78	 776
-7	-176	 324
 74	-143	 547
-73	-218	-539
 72	 324	 217
 72	-80	 626
-3	-25	 244
 194	-271	 212
 453	 35	 533
-17	-400	 807
 179	-68	-367
 9	 487	 493
 34	-69	 774
 0	-165	 303
 68	-140	 561
-74	-239	-533
 52	 335	 230
 74	-83	 631
 8	-20	 228
 202	-263	 226
 453	 49	 529
-6	-408	 811
 183	-66	-359
 21	 500	 502
 27	-83	 765
-7	-190	 328
 72	-143	 564
-67	-216	-530
 54	 331	 234
 72	-82	 619
 1	-28	 217
 189	-268	 236
 446	 36	 500
-28	-401	 815
 179	-64	-350
 4	 500	 503
 38	-88	 784
-7	-176	 313
 78	-141	 576
-80	-228	-523
 59	 334	 220
 78	-84	 627
-2	-23	 236
 193	-265	 220
 440	 38	 496
-12	-414	 796
 174	-65	-348
 19	 500	 501
 29	-84	 776
-10	-176	 315
 62	-141	 565
-66	-219	-523
 59	 331	 207
 78	-84	 639
-2	-14	 227
 195	-271	 225
 452	 36	 502
-15	-417	 819
 189	-69	-347
 14	 502	 510
 35	-78	 781
-12	-170	 323
 67	-143	 556
-71	-221	-535
 67	 337	 224
 63	-74	 626
-2	-11	 224
 198	-262	 232
 451	 35	 519
-23	-409	 812
 181	-65	-343
 15	 481	 505
 30	-70	 790
-3	-176	 311
 87	-133	 558
-78	-222	-509
 56	 341	 225
 68	-79	 637
-3	-14	 227
 199	-274	 224
 452	 33	 492
-17	-415	 800
 179	-69	-366
 23	 500	 484
 34	-70	 799
-9	-181	 311
 73	-144	 561
-67	-226	-535
 69	 323	 221
 74	-67	 620
-4	-30	 221
 200	-262	 201
 441	 37	 501
-15	-414	 805
 183	-66	-353
 15	 490	 501
 31	-75	 786
-2	-176	 335
 71	-143	 569
-69	-225	-523
 65	 334	 199
 73	-84	 628
 10	-9	 223
 192	-268	 216
 449	 37	 504
-9	-407	 818
 179	-72	-346
 15	 490	 509
 27	-91	 778
-11	-185	 324
 76	-136	 556
-75	-225	-536
 53	 341	 219
 77	-79	 619
 4	-18	 207
 194	-268	 224
 451	 44	 526
-18	-403	 804
 179	-84	-364
 20	 501	 497
 26	-79	 778
-3	-171	 310
 85	-146	 552
-73	-213	-533
 61	 338	 214
 66	-86	 635
 6	-24	 227
 196	-260	 234
 450	 56	 513
-23	-404	 819
 175	-70	-343
 9	 496	 500
 30	-75	 769
 1	-180	 316
 80	-142	 560
-72	-225	-526
 63	 338	 215
 75	-63	 638
-6	-17	 209
 193	-274	 214
 447	 34	 519
-18	-415	 817
 167	-71	-353
 15	 491	 504
 19	-74	 781
-9	-169	 331
 74	-151	 563
-84	-231	-529
 51	 333	 209
 77	-87	 624
-3	-27	 221
 196	-272	 196
 451	 41	 532
-19	-411	 811
 176	-58	-360
 15	 489	 512
 29	-80	 788
 0	-179	 302
 70	-138	 569
-65	-221	-531
 59	 331	 225
 72	-72	 638
 4	-17	 212
 199	-261	 213
 447	 35	 516
-21	-399	 807
 175	-59	-356
 0	 494	 492
 41	-67	 786
-2	-180	 327
 76	-154	 546
-65	-225	-526
 66	 331	 221
 71	-67	 618
-1	-20	 212
 191	-259	 216
 453	 32	 516
-27	-400	 804
 181	-68	-357
 21	 496	 487
 25	-71	 790
-4	-178	 313
 73	-136	 559
-61	-218	-530
 56	 330	 218
 69	-73	 629
 15	-21	 229
 202	-273	 213
 440	 32	 508
-22	-404	 793
 182	-70	-358
 11	 508	 508
 37	-79	 776
 0	-180	 298
 72	-143	 548
-62	-222	-538
 54	 334	 228
 74	-75	 640
 0	-21	 242
 195	-264	 213
 447	 50	 516
-24	-403	 819
 173	-61	-370
 16	 492	 506
 42	-66	 784
 3	-175	 311
 67	-140	 575
-61	-218	-533
 58	 335	 212
 68	-77	 626
 4	-17	 239
 192	-270	 219
 454	 38	 524
-20	-410	 815
 175	-61	-368
 3	 504	 504
 29	-86	 796
-2	-177	 319
 67	-161	 553
-79	-225	-515
 63	 328	 236
 75	-76	 616
 7	-23	 213
 190	-265	 216
 447	 32	 521
-20	-395	 813
 177	-64	-347
 11	 508	 498
 37	-77	 782
 0	-185	 320
 75	-146	 561
-69	-227	-527
 61	 329	 206
 62	-72	 623
 2	-14	 230
 197	-257	 231
 444	 46	 506
-19	-424	 817
 184	-78	-363
 9	 505	 496
 37	-68	 788
-7	-176	 321
 81	-141	 557
-66	-225	-517
 59	 325	 225
 73	-83	 615
 3	-19	 213
 186	-263	 217
 446	 36	 516
-30	-410	 814
 185	-62	-344
 5	 495	 510
 31	-69	 782
-20	-185	 318
 70	-142	 550
-66	-223	-534
 56	 334	 228
 71	-78	 619
 4	-9	 215
 190	-266	 227
 443	 46	 519
-7	-414	 807
 184	-58	-363
 15	 497	 495
 38	-70	 780
 3	-176	 331
 69	-160	 554
-66	-226	-539
 50	 340	 222
 71	-71	 628
-5	-14	 218
 201	-268	 229
 453	 36	 520
-8	-416	 820
 185	-67	-377
 10	 489	 491
 19	-85	 786
-14	-175	 323
 78	-152	 568
-75	-217	-528
 59	 336	 227
 63	-89	 632
 5	-24	 227
 201	-258	 226
 460	 39	 520
-6	-414	 810
 179	-64	-354
 10	 483	 478
 38	-68	 779
 1	-177	 309
 77	-138	 575
-60	-225	-543
 54	 334	 228
 67	-85	 632
-6	-27	 228
 198	-267	 214
 450	 39	 519
-16	-413	 817
 175	-71	-359
 11	 500	 504
 34	-80	 776
-1	-173	 321
 73	-148	 556
-72	-215	-528
 61	 321	 228
 70	-82	 629
 1	-16	 231
 200	-264	 220
 448	 42	 513
-11	-407	 817
 183	-80	-372
 15	 486	 502
 37	-74	 781
-8	-173	 316
 79	-141	 568
-73	-228	-531
 64	 339	 212
 66	-71	 631
 8	-17	 229
 205	-260	 215
 448	 28	 526
-23	-402	 822
 177	-65	-363
 8	 506	 501
 29	-74	 775
-2	-178	 323
 69	-149	 553
-72	-221	-540
 52	 334	 212
 76	-63	 634
 14	-25	 224
 195	-264	 201
 454	 40	 517
-13	-406	 800
 184	-70	-338
 22	 493	 482
 28	-69	 781
-11	-175	 317
 77	-151	 539
-60	-235	-550
 61	 339	 227
 71	-83	 630
 4	-5	 241
 190	-264	 210
 445	 35	 510
-22	-410	 812
 180	-64	-366
 7	 499	 493
 32	-79	 790
-8	-180	 326
 69	-152	 570
-62	-215	-532
 61	 337	 207
 68	-73	 619
 2	-23	 206
 188	-272	 211
 450	 35	 513
-17	-405	 816
 176	-82	-365
 10	 496	 510
 42	-75	 779
 2	-183	 315
 60	-147	 557
-58	-229	-531
 51	 333	 229
 63	-78	 618
 5	-18	 223
 183	-269	 210
 453	 40	 507
-16	-400	 800
 173	-69	-348
 5	 498	 502
 34	-76	 768
-10	-175	 316
 74	-137	 563
-67	-223	-543
 62	 333	 206
 69	-85	 622
-3	-23	 217
 206	-271	 214
 451	 51	 512
-19	-406	 807
 182	-71	-352
 12	 494	 498
 31	-73	 764
 1	-179	 328
 80	-142	 581
-78	-227	-529
 69	 328	 211
 81	-82	 619
 0	-22	 224
 193	-269	 221
 454	 47	 533
-26	-409	 802
 171	-64	-354
 5	 500	 490
 37	-71	 769
-2	-165	 308
 82	-138	 556
-58	-239	-529
 68	 324	 216
 78	-80	 617
-1	-25	 218
 190	-265	 206
 445	 46	 524
-10	-413	 804
 173	-71	-347
 15	 503	 506
 26	-71	 770
-16	-167	 330
 68	-139	 558
-67	-222	-536
 60	 328	 215
 74	-71	 631
 0	-9	 219
 198	-260	 209
 449	 30	 502
-17	-405	 823
 174	-68	-355
 6	 493	 502
 39	-70	 788
-5	-170	 331
 76	-142	 542
-78	-216	-529
 60	 328	 233
 74	-84	 632
 3	-20	 241
 191	-258	 202
 456	 39	 524
-19	-411	 815
 184	-74	-359
 8	 483	 502
 25	-79	 782
-5	-177	 310
 80	-140	 560
-62	-215	-523
 66	 331	 220
 70	-78	 626
-7	-25	 234
 192	-274	 221
 447	 39	 501
-17	-409	 812
 168	-62	-342
 5	 497	 495
 30	-67	 793
 4	-177	 309
 66	-140	 568
-74	-219	-539
 59	 327	 214
 75	-82	 619
 1	-27	 241
 190	-257	 204
 456	 38	 518
-22	-415	 819
 168	-67	-346
 11	 500	 492
 36	-78	 812
-12	-171	 310
 61	-142	 546
-66	-227	-559
 57	 329	 213
 76	-69	 618
 3	-28	 227
 199	-260	 223
 463	 32	 522
-8	-404	 799
 191	-77	-338
 8	 502	 488
 45	-83	 784
-12	-174	 336
 73	-138	 573
-67	-222	-529
 64	 323	 217
 82	-74	 615
 2	-28	 220
 194	-255	 219
 445	 36	 529
-9	-408	 805
 184	-65	-366
 12	 498	 491
 30	-69	 776
-7	-176	 318
 80	-142	 569
-55	-230	-520
 59	 332	 224
 65	-80	 625
 9	-22	 224
 203	-268	 233
 457	 43	 517
-19	-417	 809
 179	-69	-354
 9	 493	 509
 27	-81	 779
 0	-172	 318
 68	-148	 564
-73	-233	-518
 71	 327	 227
 57	-85	 617
 0	-15	 229
 200	-263	 230
 454	 37	 506
-8	-406	 818
 176	-70	-340
 9	 497	 492
 37	-68	 776
-6	-177	 333
 80	-137	 568
-68	-226	-522
 61	 325	 236
 74	-72	 612
-4	-14	 209
 197	-268	 218
 447	 35	 511
-17	-402	 820
 186	-69	-363
 9	 501	 496
 42	-69	 772
-2	-176	 318
 79	-147	 560
-68	-223	-543
 51	 334	 224
 82	-81	 615
 0	-28	 226
 187	-266	 226
 445	 38	 513
-20	-399	 814
 176	-64	-369
 7	 495	 486
 38	-81	 785
-8	-181	 322
 72	-146	 554
-76	-229	-538
 69	 331	 212
 78	-90	 619
 5	-28	 233
 185	-254	 214
 452	 47	 528
-14	-413	 819
 185	-75	-362
 17	 499	 511
 38	-76	 782
-6	-175	 309
 74	-145	 554
-66	-227	-520
 61	 335	 196
 69	-84	 619
 0	-17	 227
 192	-264	 214
 447	 35	 520
-18	-419	 805
 175	-64	-347
 11	 502	 498
 32	-81	 784
-3	-174	 306
 68	-136	 567
-56	-226	-523
 60	 323	 214
 77	-73	 635
 8	-21	 225
 191	-267	 203
 446	 35	 512
-19	-409	 827
 177	-70	-356
 5	 501	 507
 38	-73	 767
-13	-171	 317
 62	-139	 566
-69	-228	-514
 61	 336	 218
 64	-72	 637
 8	-22	 228
 205	-259	 217
 446	 47	 521
-7	-419	 819
 183	-76	-363
-2	 493	 480
 37	-74	 775
-9	-168	 331
 71	-137	 553
-69	-208	-542
 59	 338	 220
 88	-61	 655
-5	-7	 236
 205	-263	 233
 440	 75	 518
-7	-418	 825
 154	-85	-400
 0	 503	 503
 27	-49	 783
-27	-161	 333
 72	-118	 545
-72	-184	-523
 58	 356	 220
 82	-56	 639
 4	-4	 209
 218	-254	 226
 440	 63	 513
-10	-423	 822
 177	-66	-381
-27	 495	 497
 10	-76	 780
-53	-159	 303
 46	-125	 563
-82	-185	-548
 41	 357	 208
 80	-61	 613
-12	-18	 214
 203	-264	 203
 437	 44	 504
-13	-423	 805
 168	-78	-378
-24	 492	 507
 0	-64	 789
-49	-152	 326
 40	-113	 556
-87	-181	-528
 23	 348	 206
 78	-66	 617
-11	-20	 211
 214	-266	 209
 453	 33	 517
 2	-416	 809
 180	-81	-348
-33	 485	 489
 16	-66	 771
-54	-143	 319
 49	-118	 560
-95	-177	-532
 29	 338	 210
 89	-55	 600
-1	-15	 207
 215	-267	 205
 459	 32	 526
 1	-411	 799
 198	-77	-353
-32	 490	 511
 11	-66	 782
-45	-155	 335
 45	-114	 565
-96	-192	-518
 40	 343	 214
 91	-69	 621
-17	-16	 231
 218	-266	 207
 449	 47	 498
-5	-425	 791
 183	-75	-356
-28	 498	 498
 9	-74	 782
